GlobalRnd   ClientID  LocEpoch    Accuracy    LR          Loss        GradNorm    
1           0         1           9.7400      0.021848    0.025151    0.038071    
1           1         1           11.3500     5.398884    0.011573    0.012869    
1           2         1           8.9200      7.395550    0.013170    0.017356    
1           3         1           9.8000      3.634618    0.012649    0.017973    
1           4         1           10.2800     0.021284    0.011696    0.016691    
1           5         1           10.3200     4.983262    0.013387    0.021526    
1           6         1           10.0900     0.019444    0.024901    0.037825    
1           7         1           9.8200      0.023609    0.012192    0.015465    
1           8         1           10.1000     0.019982    0.023703    0.034916    
1           9         1           9.5800      6.267170    0.011998    0.015479    
2           0         1           9.7400      3.543620    0.165309    0.324631    
2           1         1           11.3500     4.640436    0.230049    0.326864    
2           2         1           8.9200      4.389403    0.109019    0.203270    
2           3         1           9.8000      3.313783    0.269507    0.436121    
2           4         1           10.2800     4.475139    0.687244    1.008482    
2           5         1           10.3200     4.106952    0.274625    0.422643    
2           6         1           26.4100     0.000009    2.448783    3.114565    
2           7         1           9.8200      1.771001    0.181797    0.332095    
2           8         1           10.1000     2.907965    0.151541    0.273032    
2           9         1           9.5800      3.982654    0.251283    0.374213    
3           0         1           9.7400      3.268983    0.104208    1.107880    
3           1         1           11.3500     3.904898    0.140639    1.103599    
3           2         1           8.9200      3.396854    0.154049    1.435621    
3           3         1           9.8000      2.786897    0.085336    1.057136    
3           4         1           10.2800     4.421018    0.127523    1.118516    
3           5         1           10.3200     2.828922    0.064645    0.842855    
3           6         1           10.0900     3.505842    0.152207    1.182931    
3           7         1           9.8200      1.887870    0.117139    1.383687    
3           8         1           10.1000     2.313946    0.133970    1.149935    
3           9         1           9.5800      3.459839    0.083424    1.026839    
4           0         1           9.7400      0.857463    0.117139    2.040559    
4           1         1           11.3500     2.171539    0.064432    0.999395    
4           2         1           8.9200      2.643435    0.126243    2.304226    
4           3         1           9.8000      2.499373    0.051646    1.209258    
4           4         1           10.2800     2.087717    0.059420    1.300465    
4           5         1           10.3200     3.868254    0.063796    1.476382    
4           6         1           10.0900     4.140872    0.098417    1.602872    
4           7         1           9.8200      2.946702    0.094055    1.943990    
4           8         1           10.1000     2.728570    0.114127    1.878803    
4           9         1           9.5800      3.942462    0.043851    1.020618    
5           0         1           9.7400      1.148708    0.090617    2.396574    
5           1         1           11.3500     2.432783    0.034964    0.773371    
5           2         1           8.9200      3.379270    0.037998    1.059658    
5           3         1           9.8000      2.032382    0.036562    1.183219    
5           4         1           10.2800     0.867505    0.066131    1.796313    
5           5         1           10.3200     2.557020    0.043906    1.357009    
5           6         1           10.0900     2.346782    0.055053    1.449616    
5           7         1           9.8200      1.944276    0.055403    1.631440    
5           8         1           10.1000     2.260812    0.037714    1.049516    
5           9         1           9.5800      1.464626    0.021596    0.663446    
6           0         1           9.7400      0.921466    0.063084    2.237451    
6           1         1           11.3500     1.179494    0.036740    1.083113    
6           2         1           8.9200      1.564956    0.061757    2.081059    
6           3         1           9.8000      1.124228    0.073749    2.828050    
6           4         1           10.2800     3.037949    0.042017    1.344085    
6           5         1           10.3200     2.379731    0.047364    1.699906    
6           6         1           10.0900     2.341536    0.048710    1.614147    
6           7         1           9.8200      3.076499    0.042032    1.480250    
6           8         1           10.1000     1.701320    0.035513    1.271972    
6           9         1           9.5800      3.859326    0.060142    2.186217    
7           0         1           9.7400      0.555525    0.038927    1.713643    
7           1         1           11.3500     1.407234    0.017594    0.606524    
7           2         1           8.9200      2.049065    0.030230    1.152029    
7           3         1           9.8000      0.698265    0.031661    1.434238    
7           4         1           10.2800     2.355146    0.045704    1.751747    
7           5         1           10.3200     2.069249    0.034669    1.468388    
7           6         1           10.0900     1.469265    0.024115    0.952853    
7           7         1           9.8200      1.745571    0.072922    2.897013    
7           8         1           10.1000     1.063208    0.048403    2.003248    
7           9         1           9.5800      1.566548    0.023644    1.012351    
8           0         1           9.7400      0.532484    0.034872    1.770323    
8           1         1           11.3500     0.260007    0.031723    1.249843    
8           2         1           8.9200      1.650026    0.044915    1.881473    
8           3         1           9.8000      1.308984    0.055271    2.757864    
8           4         1           10.2800     1.346325    0.041729    1.840158    
8           5         1           10.3200     2.217887    0.042306    2.020273    
8           6         1           10.0900     1.051875    0.054135    2.320149    
8           7         1           9.8200      1.315984    0.033760    1.547917    
8           8         1           10.1000     0.925723    0.046644    2.238670    
8           9         1           9.5800      1.384930    0.037089    1.742976    
9           0         1           9.7400      1.122373    0.020169    0.989535    
9           1         1           11.3500     1.779041    0.035585    1.516190    
9           2         1           8.9200      2.220268    0.033572    1.570264    
9           3         1           9.8000      1.944140    0.029962    1.826365    
9           4         1           10.2800     0.622384    0.053749    2.438969    
9           5         1           10.3200     1.457464    0.041139    2.130476    
9           6         1           10.0900     2.229644    0.021052    0.978733    
9           7         1           9.8200      0.948893    0.028159    1.451503    
9           8         1           10.1000     1.535814    0.023228    1.176294    
9           9         1           9.5800      1.951724    0.043616    2.230488    
10          0         1           9.7400      0.192696    0.040578    2.166000    
10          1         1           11.3500     0.527999    0.016577    0.747448    
10          2         1           8.9200      2.244237    0.036041    1.786730    
10          3         1           9.8000      1.013340    0.023572    1.526286    
10          4         1           10.2800     2.067239    0.034076    1.685114    
10          5         1           10.3200     1.793950    0.068619    3.710994    
10          6         1           10.0900     1.460886    0.054168    2.757494    
10          7         1           9.8200      2.730165    0.020100    1.102679    
10          8         1           10.1000     1.053694    0.027403    1.517562    
10          9         1           9.5800      2.161693    0.025355    1.387129    
11          0         1           9.7400      0.629842    0.031100    1.824788    
11          1         1           11.3500     1.130422    0.030641    1.485517    
11          2         1           8.9200      1.342283    0.068884    3.596223    
11          3         1           9.8000      1.927622    0.023129    1.613192    
11          4         1           10.2800     0.480763    0.034794    1.896819    
11          5         1           10.3200     1.579608    0.049792    2.869886    
11          6         1           10.0900     2.155870    0.041532    2.250611    
11          7         1           9.8200      2.478540    0.040348    2.311872    
11          8         1           10.1000     0.904295    0.035191    2.027189    
11          9         1           9.5800      1.638749    0.026464    1.537986    
12          0         1           9.7400      1.819556    0.053061    3.242944    
12          1         1           11.3500     1.026485    0.027447    1.463209    
12          2         1           8.9200      0.347404    0.023351    1.295720    
12          3         1           9.8000      0.971379    0.016884    1.172335    
12          4         1           10.2800     1.321072    0.016468    1.002332    
12          5         1           10.3200     1.355467    0.050033    3.014924    
12          6         1           10.0900     1.322455    0.020923    1.151099    
12          7         1           9.8200      1.583127    0.025991    1.589836    
12          8         1           10.1000     0.743772    0.043879    2.772553    
12          9         1           9.5800      1.823397    0.041185    2.530923    
13          0         1           9.7400      0.919167    0.019152    1.075068    
13          1         1           11.3500     1.501658    0.027289    1.533152    
13          2         1           8.9200      1.452579    0.035842    2.137950    
13          3         1           9.8000      1.993908    0.036388    2.664989    
13          4         1           10.2800     1.976809    0.018685    1.156982    
13          5         1           10.3200     1.548703    0.042956    2.795364    
13          6         1           10.0900     0.992817    0.020472    1.178665    
13          7         1           9.8200      1.294010    0.018955    1.221296    
13          8         1           10.1000     1.510083    0.031250    2.077755    
13          9         1           9.5800      0.582076    0.023348    1.516536    
14          0         1           9.7400      0.756098    0.031314    2.068627    
14          1         1           11.3500     0.808938    0.012417    0.685285    
14          2         1           8.9200      1.410052    0.022832    1.411993    
14          3         1           9.8000      1.043368    0.034394    2.706054    
14          4         1           10.2800     1.150967    0.011453    0.652156    
14          5         1           10.3200     2.153467    0.032176    2.213682    
14          6         1           10.0900     1.616044    0.024286    1.423847    
14          7         1           9.8200      1.466598    0.017711    1.149450    
14          8         1           10.1000     1.320178    0.026372    1.810944    
14          9         1           9.5800      0.492094    0.025170    1.816698    
15          0         1           9.7400      1.284177    0.041345    2.923482    
15          1         1           11.3500     1.671833    0.018697    1.120688    
15          2         1           8.9200      1.208246    0.026103    1.624777    
15          3         1           9.8000      0.224705    0.007664    0.580238    
15          4         1           10.2800     0.730286    0.032834    2.222481    
15          5         1           10.3200     1.408121    0.031209    2.231592    
15          6         1           10.0900     2.415569    0.044928    2.803295    
15          7         1           9.8200      1.954360    0.018427    1.274720    
15          8         1           10.1000     0.847350    0.021481    1.458467    
15          9         1           9.5800      1.257030    0.018361    1.330200    
16          0         1           9.7400      0.944578    0.024093    1.685401    
16          1         1           11.3500     1.417710    0.013280    0.838654    
16          2         1           8.9200      1.532885    0.026031    1.665389    
16          3         1           9.8000      1.008861    0.014422    1.224088    
16          4         1           10.2800     1.487047    0.019565    1.379718    
16          5         1           10.3200     1.686025    0.043754    3.157925    
16          6         1           10.0900     2.051725    0.020032    1.289526    
16          7         1           9.8200      0.788717    0.014119    0.904513    
16          8         1           10.1000     1.023768    0.019100    1.285371    
16          9         1           9.5800      1.853281    0.027709    2.063754    
17          0         1           9.7400      0.666309    0.018695    1.366254    
17          1         1           11.3500     0.818074    0.014206    0.957057    
17          2         1           8.9200      1.996932    0.017541    1.140336    
17          3         1           9.8000      0.916631    0.019033    1.720714    
17          4         1           10.2800     1.279187    0.016412    1.139328    
17          5         1           10.3200     1.325465    0.056874    4.205045    
17          6         1           10.0900     1.885242    0.029175    2.065451    
17          7         1           9.8200      0.587387    0.033484    2.647152    
17          8         1           10.1000     0.972726    0.033144    2.520303    
17          9         1           9.5800      0.103986    0.014514    1.129611    
18          0         1           32.5100     0.000000    2.064199    139.796083  
18          1         1           11.3500     0.505048    0.016548    1.097964    
18          2         1           8.9200      1.553308    0.026871    1.884899    
18          3         1           9.8000      1.700574    0.017588    1.699230    
18          4         1           10.2800     1.645965    0.029100    2.144626    
18          5         1           10.3200     2.239731    0.046348    3.704883    
18          6         1           10.0900     1.405929    0.021453    1.482040    
18          7         1           9.8200      1.145369    0.015408    1.141932    
18          8         1           10.1000     0.974470    0.018717    1.427908    
18          9         1           9.5800      1.024938    0.097236    7.018769    
19          0         1           9.7400      1.119398    2.950788    101.622972  
19          1         1           11.3500     0.341810    0.010020    0.744270    
19          2         1           8.9200      2.302208    0.016901    1.108993    
19          3         1           9.8000      0.632042    0.014256    1.423654    
19          4         1           10.2800     1.152710    0.019660    1.487626    
19          5         1           10.3200     2.038722    0.016730    1.291811    
19          6         1           10.0900     0.623690    0.020273    1.442932    
19          7         1           9.8200      1.795856    0.014696    1.113953    
19          8         1           10.1000     0.891425    0.017579    1.398495    
19          9         1           9.5800      0.800794    0.021751    1.759392    
20          0         1           9.7400      0.127611    0.594014    26.656950   
20          1         1           11.3500     1.191393    0.075799    5.505792    
20          2         1           8.9200      1.154304    0.016864    1.120209    
20          3         1           9.8000      0.272238    0.017842    1.780788    
20          4         1           10.2800     0.888396    0.009736    0.646158    
20          5         1           10.3200     1.246825    0.016089    1.126497    
20          6         1           10.0900     1.028935    0.024294    1.742630    
20          7         1           9.8200      0.773378    0.017794    1.405203    
20          8         1           10.1000     0.709063    0.012468    0.945936    
20          9         1           9.5800      0.715379    0.013424    0.853546    
21          0         1           9.7400      0.517932    0.352794    19.877534   
21          1         1           11.3500     0.510382    0.015448    1.111197    
21          2         1           8.9200      0.538782    0.026722    2.166969    
21          3         1           9.8000      0.550048    0.024424    2.611094    
21          4         1           10.2800     1.840076    0.024190    1.968664    
21          5         1           10.3200     1.153103    0.028910    2.638869    
21          6         1           10.0900     1.989606    0.027366    2.162740    
21          7         1           9.8200      1.333147    0.027961    2.344983    
21          8         1           10.1000     1.258727    0.008672    0.680613    
21          9         1           9.5800      0.520429    0.020581    1.843599    
22          0         1           9.7400      0.964465    0.099819    8.481698    
22          1         1           11.3500     1.609938    0.012692    1.002548    
22          2         1           8.9200      1.257351    0.027235    2.151359    
22          3         1           9.8000      0.869626    0.014179    1.528961    
22          4         1           10.2800     0.190100    0.014640    1.243558    
22          5         1           10.3200     0.716306    0.018657    1.479159    
22          6         1           10.0900     0.818480    0.030615    2.455662    
22          7         1           9.8200      0.552660    0.012498    0.912357    
22          8         1           10.1000     1.293405    0.015420    1.221402    
22          9         1           9.5800      1.906774    0.013797    1.114045    
23          0         1           9.7400      1.211666    0.022065    1.754934    
23          1         1           11.3500     1.757610    0.009318    0.734579    
23          2         1           8.9200      1.012215    0.025553    2.057223    
23          3         1           9.8000      1.627295    0.021769    2.374485    
23          4         1           10.2800     1.128087    0.016434    1.410826    
23          5         1           10.3200     0.531665    0.048499    4.180500    
23          6         1           10.0900     0.968837    0.017031    1.325856    
23          7         1           9.8200      0.659002    0.026245    2.348004    
23          8         1           10.1000     1.269807    0.011496    0.888338    
23          9         1           9.5800      1.049179    0.027929    2.516613    
24          0         1           9.7400      0.690629    0.032799    2.851249    
24          1         1           11.3500     0.394742    0.007309    0.537759    
24          2         1           8.9200      0.629551    0.016018    1.164335    
24          3         1           9.8000      0.858840    0.027411    3.123451    
24          4         1           10.2800     0.799890    0.011643    1.048628    
24          5         1           10.3200     0.930621    0.024593    2.143949    
24          6         1           10.0900     2.073342    0.043062    3.606882    
24          7         1           9.8200      0.888793    0.014449    1.230116    
24          8         1           10.1000     0.367913    0.018273    1.607270    
24          9         1           9.5800      1.271615    0.020021    1.799043    
25          0         1           9.7400      1.440789    0.526370    40.114366   
25          1         1           11.3500     1.435686    0.025140    2.105360    
25          2         1           8.9200      1.219021    0.014418    1.012278    
25          3         1           9.8000      0.596486    0.015660    1.647189    
25          4         1           10.2800     0.984572    0.012122    1.037815    
25          5         1           10.3200     1.340213    0.024735    2.252806    
25          6         1           10.0900     1.134360    0.015648    1.068877    
25          7         1           9.8200      1.351194    0.022042    2.011046    
25          8         1           10.1000     1.010656    0.025492    2.421421    
25          9         1           9.5800      0.139718    0.037246    3.379334    
26          0         1           9.7400      0.927161    0.014417    1.142525    
26          1         1           11.3500     1.057232    0.018083    1.479619    
26          2         1           8.9200      1.110664    0.019678    1.578108    
26          3         1           9.8000      1.450488    0.025488    3.083919    
26          4         1           10.2800     0.573828    0.030679    2.887158    
26          5         1           10.3200     1.467994    0.016202    1.460600    
26          6         1           10.0900     1.452617    0.051784    4.394486    
26          7         1           9.8200      0.543723    0.033406    3.321248    
26          8         1           10.1000     0.524475    0.011920    1.010202    
26          9         1           9.5800      0.338878    0.032608    3.107833    
27          0         1           9.7400      1.066732    0.027894    2.648078    
27          1         1           11.3500     0.667212    0.006599    0.522169    
27          2         1           8.9200      1.330209    0.019533    1.721669    
27          3         1           9.8000      0.808524    0.012939    1.626953    
27          4         1           10.2800     0.461553    0.011221    0.999973    
27          5         1           10.3200     1.613565    0.027142    2.645169    
27          6         1           10.0900     1.227097    0.021582    1.728573    
27          7         1           9.8200      0.693855    0.020275    2.000623    
27          8         1           10.1000     0.711634    0.016492    1.526349    
27          9         1           9.5800      0.500038    0.021586    2.014884    
28          0         1           9.7400      0.524301    0.026369    2.436164    
28          1         1           11.3500     0.769503    0.017591    1.530043    
28          2         1           8.9200      1.097665    0.025936    2.353156    
28          3         1           9.8000      0.507567    0.025535    3.190799    
28          4         1           10.2800     0.080801    0.016049    1.552983    
28          5         1           10.3200     1.083943    0.018236    1.801421    
28          6         1           10.0900     2.173244    0.022032    1.900616    
28          7         1           9.8200      0.661620    0.013808    1.316234    
28          8         1           10.1000     0.301942    0.015098    1.536641    
28          9         1           9.5800      1.310054    0.019582    1.843028    
29          0         1           9.7400      0.898757    0.023732    2.143291    
29          1         1           11.3500     0.627677    0.013183    1.198812    
29          2         1           8.9200      1.473902    0.017545    1.536003    
29          3         1           9.8000      0.629849    0.022671    2.817226    
29          4         1           10.2800     0.171995    0.010473    0.933390    
29          5         1           10.3200     1.081093    0.017292    1.720387    
29          6         1           10.0900     1.037881    0.015104    1.188360    
29          7         1           9.8200      0.833102    0.010428    0.898783    
29          8         1           10.1000     0.617040    0.027215    3.045617    
29          9         1           9.5800      0.904155    0.013388    1.200266    
30          0         1           9.7400      0.603842    0.028235    2.659424    
30          1         1           11.3500     0.166221    0.012925    1.142843    
30          2         1           8.9200      1.035509    0.016999    1.476916    
30          3         1           9.8000      1.137970    0.012177    1.567784    
30          4         1           10.2800     1.312817    0.060436    5.739094    
30          5         1           10.3200     1.431391    0.015039    1.399880    
30          6         1           10.0900     0.979359    0.016905    1.606589    
30          7         1           9.8200      0.158209    0.011703    1.123880    
30          8         1           10.1000     0.984074    0.020336    2.165454    
30          9         1           9.5800      0.480358    0.019498    1.986214    
31          0         1           9.7400      0.507738    0.035803    3.505324    
31          1         1           11.3500     0.912958    0.017098    1.601709    
31          2         1           8.9200      0.888905    0.015288    1.204319    
31          3         1           9.8000      0.725389    0.039265    5.051875    
31          4         1           10.2800     0.436268    0.020939    2.034391    
31          5         1           10.3200     0.697251    0.022557    2.238770    
31          6         1           10.0900     0.558935    0.028979    2.506159    
31          7         1           9.8200      1.021807    0.028453    2.954944    
31          8         1           10.1000     0.505677    0.022670    2.344636    
31          9         1           9.5800      1.539481    0.011971    1.049841    
32          0         1           9.7400      0.649669    0.021371    1.903185    
32          1         1           11.3500     1.386509    0.018911    1.788338    
32          2         1           8.9200      0.727759    0.021767    2.111592    
32          3         1           9.8000      0.312912    0.010526    1.331593    
32          4         1           10.2800     0.913245    0.026170    2.671715    
32          5         1           10.3200     0.690346    0.037149    3.986172    
32          6         1           10.0900     1.506281    0.036026    3.543601    
32          7         1           9.8200      0.401704    0.025994    2.790435    
32          8         1           10.1000     0.849076    0.022900    2.387490    
32          9         1           9.5800      0.248519    0.016816    1.817947    
33          0         1           9.7400      0.290880    0.021785    2.145470    
33          1         1           11.3500     1.426021    0.011862    1.093482    
33          2         1           8.9200      1.733624    0.022848    2.167462    
33          3         1           9.8000      0.696771    0.041189    5.294484    
33          4         1           10.2800     0.244713    0.018392    1.813630    
33          5         1           10.3200     1.441484    0.027057    2.861938    
33          6         1           10.0900     1.441152    0.015967    1.394770    
33          7         1           9.8200      1.122116    0.020875    2.357377    
33          8         1           10.1000     0.305009    0.015318    1.560964    
33          9         1           9.5800      0.944588    0.095080    10.838701   
34          0         1           9.7400      0.486891    0.025464    2.644719    
34          1         1           11.3500     0.808303    0.016309    1.588836    
34          2         1           8.9200      0.590836    0.016163    1.441305    
34          3         1           9.8000      0.944540    0.025845    3.483810    
34          4         1           10.2800     0.260417    0.010833    1.056805    
34          5         1           10.3200     0.809328    0.019086    2.117719    
34          6         1           10.0900     0.751459    0.015683    1.388692    
34          7         1           9.8200      0.368393    0.032201    3.679137    
34          8         1           10.1000     2.259667    0.021031    2.314702    
34          9         1           9.5800      1.128160    0.012803    1.433578    
35          0         1           9.7400      0.801947    0.022751    2.348151    
35          1         1           11.3500     0.093544    0.012248    1.215261    
35          2         1           8.9200      0.876753    0.013554    1.188158    
35          3         1           9.8000      0.317015    0.015528    2.108852    
35          4         1           10.2800     1.564469    0.009772    0.965965    
35          5         1           10.3200     1.084307    0.016328    1.653654    
35          6         1           10.0900     1.445882    0.017040    1.347669    
35          7         1           9.8200      0.860549    0.014621    1.596797    
35          8         1           10.1000     1.465582    0.026569    2.940623    
35          9         1           9.5800      0.159327    0.013567    1.337772    
36          0         1           9.7400      1.175336    0.018125    1.894659    
36          1         1           11.3500     0.488424    0.004695    0.453643    
36          2         1           8.9200      0.967176    0.016595    1.560811    
36          3         1           9.8000      0.275368    0.012591    1.750086    
36          4         1           10.2800     0.069203    0.027164    2.919091    
36          5         1           10.3200     0.824743    0.036385    4.094895    
36          6         1           10.0900     1.167551    0.026702    2.743015    
36          7         1           9.8200      1.116596    0.025751    2.954440    
36          8         1           10.1000     0.544685    0.017351    2.074968    
36          9         1           9.5800      0.853753    0.012622    1.261059    
37          0         1           9.7400      0.924314    0.029314    3.291984    
37          1         1           11.3500     1.484241    0.011419    1.120721    
37          2         1           8.9200      1.467491    0.032378    3.249097    
37          3         1           9.8000      0.207427    0.017567    2.556075    
37          4         1           10.2800     1.066847    0.029320    3.271913    
37          5         1           10.3200     0.929974    0.056238    6.132756    
37          6         1           10.0900     0.713249    0.025853    2.684215    
37          7         1           9.8200      0.732276    0.011329    1.250914    
37          8         1           10.1000     1.149669    0.018181    2.141069    
37          9         1           9.5800      0.571639    0.014675    1.702999    
38          0         1           9.7400      0.901190    0.018318    1.749230    
38          1         1           11.3500     0.749933    0.012351    1.290290    
38          2         1           8.9200      0.603549    0.016426    1.488208    
38          3         1           9.8000      0.796031    0.027302    3.875244    
38          4         1           10.2800     0.543674    0.020273    2.152963    
38          5         1           10.3200     0.653006    0.021944    2.515858    
38          6         1           10.0900     2.171206    0.033670    3.396702    
38          7         1           9.8200      0.517828    0.020737    2.423994    
38          8         1           10.1000     1.201825    0.018308    2.164498    
38          9         1           9.5800      0.704960    0.036428    4.821691    
39          0         1           9.7400      1.048783    0.026942    2.944864    
39          1         1           11.3500     0.474851    0.012552    1.298421    
39          2         1           8.9200      1.212076    0.020016    1.900017    
39          3         1           9.8000      0.196511    0.018759    2.582732    
39          4         1           10.2800     0.888628    0.014482    1.637412    
39          5         1           10.3200     0.677038    0.012631    1.316510    
39          6         1           10.0900     1.127634    0.015763    1.412954    
39          7         1           9.8200      1.058471    0.035290    4.150816    
39          8         1           10.1000     0.516254    0.014926    1.597718    
39          9         1           9.5800      1.055428    0.023544    3.126128    
40          0         1           9.7400      0.475462    0.014342    1.195996    
40          1         1           11.3500     0.558525    0.005863    0.651596    
40          2         1           8.9200      0.743833    0.023428    2.549533    
40          3         1           9.8000      0.043632    0.032861    4.828652    
40          4         1           10.2800     0.833210    0.022100    2.434299    
40          5         1           10.3200     1.192988    0.022620    2.698283    
40          6         1           10.0900     0.976088    0.021119    2.134219    
40          7         1           9.8200      0.325081    0.017050    2.063625    
40          8         1           10.1000     0.981938    0.039241    4.735484    
40          9         1           9.5800      0.511371    0.014496    1.802814    
41          0         1           9.7400      0.789349    0.021701    2.406317    
41          1         1           11.3500     0.866752    0.009706    1.053637    
41          2         1           8.9200      0.496600    0.026964    2.810442    
41          3         1           9.8000      1.128260    0.015390    2.312807    
41          4         1           10.2800     0.540549    0.009062    0.924231    
41          5         1           10.3200     1.327930    0.021356    2.611135    
41          6         1           10.0900     0.488974    0.018461    1.802138    
41          7         1           9.8200      0.727893    0.028454    3.703576    
41          8         1           10.1000     0.521696    0.017069    2.012539    
41          9         1           9.5800      0.142907    0.019492    2.458055    
42          0         1           9.7400      0.962212    0.029704    3.456062    
42          1         1           11.3500     0.261526    0.011278    1.174076    
42          2         1           8.9200      1.095975    0.018412    1.865879    
42          3         1           9.8000      0.374062    0.014386    2.161546    
42          4         1           10.2800     0.122389    0.658310    77.631206   
42          5         1           10.3200     1.177478    0.023087    2.773205    
42          6         1           10.0900     1.218741    0.016385    1.549496    
42          7         1           9.8200      0.844344    0.033042    4.122987    
42          8         1           10.1000     0.839074    0.015051    1.688407    
42          9         1           9.5800      1.410576    0.014992    1.647697    
43          0         1           9.7400      1.495020    0.041670    5.119394    
43          1         1           11.3500     0.874905    0.110579    12.263873   
43          2         1           8.9200      1.003444    0.030773    3.504556    
43          3         1           9.8000      1.014745    0.008570    1.272761    
43          4         1           10.2800     0.633322    0.091205    9.826424    
43          5         1           10.3200     1.033523    0.017930    2.017797    
43          6         1           10.0900     1.989835    0.021468    2.161688    
43          7         1           9.8200      0.715908    0.041651    5.006341    
43          8         1           10.1000     0.479299    0.016693    2.064768    
43          9         1           9.5800      0.976410    0.028732    3.696020    
44          0         1           9.7400      0.439823    0.022484    2.553271    
44          1         1           11.3500     1.354788    0.006048    0.669900    
44          2         1           8.9200      1.054253    0.013146    1.162575    
44          3         1           9.8000      0.680374    0.009815    1.425142    
44          4         1           10.2800     1.374057    0.008267    0.860417    
44          5         1           10.3200     0.864404    0.013410    1.466198    
44          6         1           10.0900     0.749990    0.014257    1.197922    
44          7         1           9.8200      0.631437    0.022484    2.927567    
44          8         1           10.1000     0.571744    0.017135    2.193043    
44          9         1           9.5800      0.729767    0.014729    1.658825    
45          0         1           9.7400      1.069847    0.025557    3.223922    
45          1         1           11.3500     0.977401    0.005048    0.508164    
45          2         1           8.9200      0.674390    0.015824    1.676864    
45          3         1           9.8000      0.299402    0.019731    3.138207    
45          4         1           10.2800     0.255998    0.014899    1.790902    
45          5         1           10.3200     0.454573    0.023378    3.086061    
45          6         1           10.0900     0.520937    0.016245    1.650300    
45          7         1           9.8200      0.308132    0.024907    3.243341    
45          8         1           10.1000     0.846877    0.026999    3.836342    
45          9         1           9.5800      0.209196    0.168188    21.256806   
46          0         1           9.7400      1.050948    0.016363    1.617148    
46          1         1           11.3500     0.457301    0.008556    0.968000    
46          2         1           8.9200      1.198096    0.019083    2.081847    
46          3         1           9.8000      0.604450    0.008884    1.327500    
46          4         1           10.2800     1.159383    0.036803    4.307709    
46          5         1           10.3200     0.749168    0.017609    2.211321    
46          6         1           10.0900     0.806303    0.018886    1.922620    
46          7         1           9.8200      1.147518    0.030389    3.967717    
46          8         1           10.1000     0.898187    0.012342    1.537114    
46          9         1           9.5800      0.042934    0.016740    2.264659    
47          0         1           9.7400      0.453998    0.018759    2.075731    
47          1         1           11.3500     0.311446    0.008807    0.902852    
47          2         1           8.9200      0.920225    0.015558    1.630072    
47          3         1           9.8000      0.496911    0.009820    1.645253    
47          4         1           10.2800     0.758105    0.012631    1.442049    
47          5         1           10.3200     0.630706    0.036687    5.267062    
47          6         1           10.0900     0.973766    0.016317    1.703827    
47          7         1           9.8200      1.446651    0.016515    2.181182    
47          8         1           10.1000     0.854926    0.030708    4.149778    
47          9         1           9.5800      0.193854    0.049577    6.406778    
48          0         1           9.7400      0.424514    0.021995    2.586130    
48          1         1           11.3500     0.204179    0.009888    1.166382    
48          2         1           8.9200      1.361821    0.030447    3.563674    
48          3         1           9.8000      0.494270    0.009748    1.631107    
48          4         1           10.2800     0.043160    0.009784    1.226696    
48          5         1           10.3200     1.568576    0.015012    2.041636    
48          6         1           10.0900     1.202300    0.029687    3.509677    
48          7         1           9.8200      0.277852    0.022968    3.201985    
48          8         1           10.1000     0.275899    0.015078    1.844888    
48          9         1           9.5800      1.003888    0.015931    2.020811    
49          0         1           9.7400      1.078964    0.025961    3.232105    
49          1         1           11.3500     0.547553    0.030446    3.466507    
49          2         1           8.9200      0.645471    0.036792    4.341244    
49          3         1           9.8000      0.230069    0.014621    2.415684    
49          4         1           10.2800     0.845790    0.011172    1.478813    
49          5         1           10.3200     0.654057    0.014883    1.918699    
49          6         1           10.0900     0.266519    0.015780    1.526771    
49          7         1           9.8200      0.702198    0.014710    1.890250    
49          8         1           10.1000     1.368305    0.026332    3.713219    
49          9         1           9.5800      0.122436    0.020718    2.810307    
50          0         1           9.7400      0.147267    0.017374    1.982081    
50          1         1           11.3500     0.110949    0.007122    0.815858    
50          2         1           8.9200      1.091490    0.016261    1.728051    
50          3         1           9.8000      0.654203    0.021916    3.713769    
50          4         1           10.2800     0.513930    0.012707    1.561791    
50          5         1           10.3200     0.880803    0.168363    22.283234   
50          6         1           10.0900     0.743801    0.021862    2.662774    
50          7         1           9.8200      0.799946    0.019149    2.550072    
50          8         1           10.1000     0.827224    0.021883    3.030584    
50          9         1           9.5800      0.874616    0.094064    12.929714   
51          0         1           9.7400      0.563354    0.053718    6.936095    
51          1         1           11.3500     0.394031    0.017068    1.987787    
51          2         1           8.9200      1.660437    0.022903    2.719866    
51          3         1           9.8000      0.464109    0.015057    2.455620    
51          4         1           10.2800     0.789800    0.008059    0.931109    
51          5         1           10.3200     0.868176    0.019408    2.803832    
51          6         1           10.0900     1.183797    0.016338    1.752821    
51          7         1           9.8200      0.589267    0.012818    1.863667    
51          8         1           10.1000     0.154844    0.017744    2.438254    
51          9         1           9.5800      0.320255    0.016359    2.076439    
52          0         1           9.7400      1.055700    0.189599    22.872695   
52          1         1           11.3500     0.517904    0.019420    2.400909    
52          2         1           8.9200      0.499313    0.019113    2.422953    
52          3         1           9.8000      0.569480    0.025563    4.383698    
52          4         1           10.2800     1.116178    0.036868    4.742920    
52          5         1           10.3200     0.700817    0.015461    2.251524    
52          6         1           10.0900     0.356129    0.040573    4.921758    
52          7         1           9.8200      0.730505    0.014968    2.116418    
52          8         1           10.1000     0.580053    0.013785    1.801597    
52          9         1           9.5800      0.331951    0.028487    3.992080    
53          0         1           9.7400      0.753433    0.035037    4.965838    
53          1         1           11.3500     0.628817    0.013789    1.705964    
53          2         1           8.9200      0.716257    0.018251    2.105661    
53          3         1           9.8000      1.261512    0.024614    4.167318    
53          4         1           10.2800     1.142585    0.011740    1.480420    
53          5         1           10.3200     0.244637    0.023642    3.282543    
53          6         1           10.0900     0.924665    0.024309    3.021188    
53          7         1           9.8200      0.918765    0.017596    2.567376    
53          8         1           10.1000     0.219289    0.010909    1.355922    
53          9         1           9.5800      0.081933    0.010818    1.258631    
54          0         1           9.7400      0.581913    0.632463    71.977141   
54          1         1           11.3500     0.325657    0.008360    1.002368    
54          2         1           8.9200      0.997175    0.027087    3.240610    
54          3         1           9.8000      0.652375    0.023946    4.145082    
54          4         1           10.2800     0.893146    0.011314    1.533974    
54          5         1           10.3200     1.077584    0.018198    2.383504    
54          6         1           10.0900     0.084825    0.021022    2.448488    
54          7         1           9.8200      0.395826    0.013994    1.818402    
54          8         1           10.1000     0.263128    0.190840    25.744870   
54          9         1           9.5800      0.075647    0.018429    2.489022    
55          0         1           9.7400      0.315272    0.018903    2.227839    
55          1         1           11.3500     0.420795    0.010370    1.325277    
55          2         1           8.9200      0.277523    0.016945    1.966354    
55          3         1           9.8000      0.179615    0.010375    1.908622    
55          4         1           10.2800     0.599834    0.012956    1.763406    
55          5         1           10.3200     0.551474    0.031727    4.500400    
55          6         1           10.0900     0.352964    0.013528    1.376120    
55          7         1           9.8200      0.210672    0.055803    8.437537    
55          8         1           10.1000     0.175063    0.014248    1.982365    
55          9         1           9.5800      0.190430    0.046122    6.371055    
56          0         1           9.7400      0.182191    0.028698    3.908354    
56          1         1           11.3500     0.349660    0.011628    1.440783    
56          2         1           8.9200      1.386818    0.040704    4.983124    
56          3         1           9.8000      0.905247    0.022622    4.056065    
56          4         1           10.2800     0.651951    0.022253    3.127402    
56          5         1           10.3200     0.330842    0.021765    3.279563    
56          6         1           10.0900     0.827137    0.013506    1.555064    
56          7         1           9.8200      0.709871    0.008988    1.249706    
56          8         1           10.1000     0.262733    0.009409    1.411204    
56          9         1           9.5800      0.780599    0.029009    4.245174    
57          0         1           9.7400      0.973232    0.025927    3.586559    
57          1         1           11.3500     1.437044    0.010119    1.287758    
57          2         1           8.9200      0.860007    0.022986    2.875870    
57          3         1           9.8000      0.418942    0.015766    2.910190    
57          4         1           10.2800     0.599490    0.012953    1.707437    
57          5         1           10.3200     1.378128    0.009681    1.214268    
57          6         1           10.0900     0.751596    0.013056    1.425601    
57          7         1           9.8200      0.894268    0.021449    3.272395    
57          8         1           10.1000     0.612592    0.023114    3.137559    
57          9         1           9.5800      0.284264    0.022340    3.411271    
58          0         1           9.7400      0.375569    0.029653    3.924992    
58          1         1           11.3500     0.165567    0.011600    1.473131    
58          2         1           8.9200      1.121470    0.024328    2.956658    
58          3         1           9.8000      0.495412    0.014695    2.475981    
58          4         1           10.2800     0.829388    0.008101    1.064145    
58          5         1           10.3200     1.115218    0.015649    2.272798    
58          6         1           10.0900     0.692136    0.014365    1.646130    
58          7         1           9.8200      0.760733    0.012539    1.627295    
58          8         1           10.1000     0.739854    0.027028    4.195891    
58          9         1           9.5800      0.080744    0.015487    2.221472    
59          0         1           9.7400      0.439354    0.032310    4.674489    
59          1         1           11.3500     0.709854    0.008581    1.070606    
59          2         1           8.9200      0.454890    0.021468    2.633272    
59          3         1           9.8000      0.411088    0.126820    22.851444   
59          4         1           10.2800     0.739420    0.015539    2.141609    
59          5         1           10.3200     1.411834    0.013284    1.767257    
59          6         1           10.0900     0.571028    0.022300    2.932691    
59          7         1           9.8200      0.490218    0.022624    3.408386    
59          8         1           10.1000     0.365563    0.014147    1.872361    
59          9         1           9.5800      0.525658    0.015586    2.145274    
60          0         1           9.7400      0.913343    0.087466    12.489451   
60          1         1           11.3500     0.583967    0.016105    2.025721    
60          2         1           8.9200      0.773213    0.019244    2.342159    
60          3         1           9.8000      0.809228    0.016969    3.058303    
60          4         1           10.2800     0.556691    0.010680    1.564117    
60          5         1           10.3200     0.635106    0.011836    1.570536    
60          6         1           10.0900     0.588315    0.018807    2.387671    
60          7         1           9.8200      0.698728    0.008247    1.066947    
60          8         1           10.1000     0.402793    0.013666    1.925216    
60          9         1           9.5800      0.665051    0.012373    1.519643    
61          0         1           9.7400      0.205545    0.040918    5.869748    
61          1         1           11.3500     0.311693    0.067513    9.044470    
61          2         1           8.9200      1.117719    0.041904    5.287254    
61          3         1           9.8000      0.538744    0.019292    3.520336    
61          4         1           10.2800     0.177503    0.015290    2.082332    
61          5         1           10.3200     1.314028    0.017021    2.325726    
61          6         1           10.0900     0.848129    0.025761    3.216301    
61          7         1           9.8200      0.754552    0.013943    1.858076    
61          8         1           10.1000     0.086926    0.192462    27.183221   
61          9         1           9.5800      0.145285    0.290285    40.159202   
62          0         1           9.7400      0.273111    0.039017    5.215710    
62          1         1           11.3500     0.836015    0.040177    5.417938    
62          2         1           8.9200      0.779528    0.016294    2.064163    
62          3         1           9.8000      0.249309    0.014938    2.728278    
62          4         1           10.2800     0.265276    0.036076    4.947223    
62          5         1           10.3200     0.937238    0.016922    2.374141    
62          6         1           10.0900     0.348276    0.021653    2.610004    
62          7         1           9.8200      0.305263    0.017289    2.518074    
62          8         1           10.1000     0.564669    0.047185    6.726695    
62          9         1           9.5800      0.270334    0.015941    2.178339    
63          0         1           9.7400      0.166428    0.040971    6.036607    
63          1         1           11.3500     0.543458    0.009991    1.319875    
63          2         1           8.9200      0.613076    0.016779    2.056201    
63          3         1           9.8000      0.278756    0.010403    1.945059    
63          4         1           10.2800     0.488438    0.016815    2.573122    
63          5         1           10.3200     0.940503    0.020956    3.012670    
63          6         1           10.0900     0.966479    0.023043    2.965566    
63          7         1           9.8200      0.065558    0.015122    2.217961    
63          8         1           10.1000     0.596499    0.012681    1.840708    
63          9         1           9.5800      0.209306    0.011296    1.399392    
64          0         1           9.7400      1.295639    0.054749    7.656556    
64          1         1           11.3500     0.679281    0.010897    1.395153    
64          2         1           8.9200      0.652067    0.033394    4.531565    
64          3         1           9.8000      0.151768    0.015902    3.059224    
64          4         1           10.2800     0.552580    0.015252    2.438434    
64          5         1           10.3200     0.769314    0.019673    3.072198    
64          6         1           10.0900     0.541599    0.016553    2.036295    
64          7         1           9.8200      1.117004    0.024037    3.763494    
64          8         1           10.1000     1.276343    0.013327    1.952244    
64          9         1           9.5800      0.316621    0.050443    8.384091    
65          0         1           9.7400      0.989688    0.018259    2.249759    
65          1         1           11.3500     0.142389    0.006688    0.854925    
65          2         1           8.9200      1.157559    0.015638    1.948669    
65          3         1           9.8000      0.329944    0.022848    4.371669    
65          4         1           10.2800     0.574322    0.012383    1.758564    
65          5         1           10.3200     0.464616    0.025757    3.879919    
65          6         1           10.0900     0.805664    0.016881    2.036914    
65          7         1           9.8200      0.241520    0.014999    2.430123    
65          8         1           10.1000     0.428602    0.013534    2.183666    
65          9         1           9.5800      0.404798    0.038660    6.416419    
66          0         1           9.7400      0.202374    0.021251    3.287051    
66          1         1           11.3500     0.579679    0.016009    2.185855    
66          2         1           8.9200      0.842059    0.018435    2.349691    
66          3         1           9.8000      0.611601    0.010156    1.909061    
66          4         1           10.2800     0.652478    0.009408    1.192359    
66          5         1           10.3200     0.765410    0.017633    2.714574    
66          6         1           10.0900     0.112364    0.017968    2.367353    
66          7         1           9.8200      0.191869    0.020725    3.092943    
66          8         1           10.1000     0.436357    0.035941    5.826458    
66          9         1           9.5800      0.385364    0.255018    40.063204   
67          0         1           9.7400      0.455789    0.038637    5.870870    
67          1         1           11.3500     0.721248    0.009389    1.315418    
67          2         1           8.9200      0.911079    0.024698    3.437262    
67          3         1           9.8000      0.206339    0.012888    2.383512    
67          4         1           10.2800     0.108292    0.013086    1.999882    
67          5         1           10.3200     1.334851    0.014588    2.121752    
67          6         1           10.0900     0.754008    0.014612    1.856988    
67          7         1           9.8200      0.256409    0.017746    2.694110    
67          8         1           10.1000     0.838893    0.016669    2.480205    
67          9         1           9.5800      0.380065    0.028135    4.934452    
68          0         1           9.7400      0.874314    0.018031    2.349175    
68          1         1           11.3500     0.810320    0.010754    1.494203    
68          2         1           8.9200      0.164069    0.020382    2.742473    
68          3         1           9.8000      0.345323    0.014037    2.689118    
68          4         1           10.2800     0.112418    0.022716    3.433483    
68          5         1           10.3200     0.777856    0.022800    3.403167    
68          6         1           10.0900     0.492188    0.023158    2.879204    
68          7         1           9.8200      0.403695    0.014907    2.261954    
68          8         1           10.1000     0.543120    0.017172    2.315740    
68          9         1           9.5800      0.102326    0.151394    25.328235   
69          0         1           9.7400      0.560156    0.020850    3.025476    
69          1         1           11.3500     0.755785    0.012777    1.770988    
69          2         1           8.9200      0.927772    0.027050    3.578272    
69          3         1           9.8000      0.350323    0.009063    1.604687    
69          4         1           10.2800     0.528972    0.014359    2.173825    
69          5         1           10.3200     0.247676    0.025185    4.101591    
69          6         1           10.0900     1.501053    0.023198    3.245430    
69          7         1           9.8200      0.056406    0.022490    3.702959    
69          8         1           10.1000     0.662444    0.012091    1.727041    
69          9         1           9.5800      0.430387    0.025077    4.004796    
70          0         1           9.7400      0.785223    0.062280    9.348521    
70          1         1           11.3500     0.261205    0.008689    1.184975    
70          2         1           8.9200      1.171693    0.016564    2.128395    
70          3         1           9.8000      0.209006    0.012189    2.443225    
70          4         1           10.2800     0.223153    0.007806    0.973280    
70          5         1           10.3200     0.141734    0.018463    2.991598    
70          6         1           10.0900     0.741229    0.026336    3.453365    
70          7         1           9.8200      1.225643    0.056918    8.733051    
70          8         1           10.1000     0.302531    0.010085    1.484132    
70          9         1           9.5800      0.024722    0.030395    5.106307    
71          0         1           9.7400      0.884810    0.054202    9.029874    
71          1         1           11.3500     0.536847    0.008705    1.207305    
71          2         1           8.9200      0.520480    0.023150    3.185872    
71          3         1           9.8000      0.206556    0.013370    2.629806    
71          4         1           10.2800     1.046805    0.014811    2.278549    
71          5         1           10.3200     0.666387    0.017515    2.940312    
71          6         1           10.0900     0.959014    0.021334    2.888333    
71          7         1           9.8200      0.870639    0.021939    3.687733    
71          8         1           10.1000     0.051676    0.019358    3.052357    
71          9         1           9.5800      0.075759    0.063425    9.819456    
72          0         1           9.7400      0.047482    0.028115    4.632373    
72          1         1           11.3500     0.420060    0.012665    1.762086    
72          2         1           8.9200      0.431538    0.012757    1.424021    
72          3         1           9.8000      0.796306    0.007647    1.570027    
72          4         1           10.2800     0.512532    0.018805    2.687186    
72          5         1           10.3200     0.793765    0.009153    1.276520    
72          6         1           10.0900     0.442964    0.036341    5.052518    
72          7         1           9.8200      0.408834    0.018485    3.108802    
72          8         1           10.1000     0.152377    0.019711    3.229513    
72          9         1           9.5800      0.286716    0.016384    2.500395    
73          0         1           9.7400      0.147712    0.132953    17.555889   
73          1         1           11.3500     0.247330    0.008648    1.301618    
73          2         1           8.9200      0.726023    0.037092    5.057618    
73          3         1           9.8000      0.319975    0.015353    3.028229    
73          4         1           10.2800     1.171274    0.010044    1.567480    
73          5         1           10.3200     0.677537    0.025059    4.342501    
73          6         1           10.0900     0.297903    0.030390    4.182323    
73          7         1           9.8200      0.180229    0.021328    3.671682    
73          8         1           10.1000     0.032796    0.018859    3.143645    
73          9         1           9.5800      0.086767    0.017564    3.074478    
74          0         1           9.7400      0.779533    0.067055    9.584518    
74          1         1           11.3500     0.259012    0.006839    0.974696    
74          2         1           8.9200      0.617429    0.027724    4.029457    
74          3         1           9.8000      0.162177    0.012623    2.525740    
74          4         1           10.2800     0.095505    0.009817    1.410646    
74          5         1           10.3200     0.402675    0.015245    2.335759    
74          6         1           10.0900     0.149996    0.023171    3.309471    
74          7         1           9.8200      0.385630    0.009743    1.528081    
74          8         1           10.1000     0.162770    0.020303    3.412030    
74          9         1           9.5800      1.255621    0.011111    1.530142    
75          0         1           9.7400      0.428451    0.018774    2.757407    
75          1         1           11.3500     0.214333    0.011063    1.639471    
75          2         1           8.9200      0.861152    0.050759    7.085574    
75          3         1           9.8000      0.104665    0.011648    2.246701    
75          4         1           10.2800     0.539533    0.009173    1.247169    
75          5         1           10.3200     0.305938    0.029859    4.966491    
75          6         1           10.0900     0.787186    0.044049    6.709234    
75          7         1           9.8200      0.389106    0.017871    2.907749    
75          8         1           10.1000     0.719349    0.031668    5.013657    
75          9         1           9.5800      0.065841    0.012714    2.087557    
76          0         1           9.7400      0.514071    0.017339    2.426484    
76          1         1           11.3500     1.090552    0.012069    1.640478    
76          2         1           8.9200      1.075949    0.018068    2.766101    
76          3         1           9.8000      0.456333    0.008314    1.731900    
76          4         1           10.2800     0.309373    0.018388    3.017948    
76          5         1           10.3200     0.533057    0.028364    4.900970    
76          6         1           10.0900     0.940250    0.017975    2.359469    
76          7         1           9.8200      1.474477    0.029309    4.923412    
76          8         1           10.1000     0.038493    0.012475    1.855685    
76          9         1           9.5800      0.072718    0.018607    2.563683    
77          0         1           9.7400      0.167664    0.020825    3.052716    
77          1         1           11.3500     0.033797    0.005411    0.757749    
77          2         1           8.9200      0.945457    0.011271    1.431171    
77          3         1           9.8000      0.060992    0.016077    3.027751    
77          4         1           10.2800     1.477559    0.023423    3.848416    
77          5         1           10.3200     0.763696    0.029236    4.843825    
77          6         1           10.0900     0.759101    0.017812    2.629777    
77          7         1           9.8200      0.430604    0.027197    4.809531    
77          8         1           10.1000     0.435452    0.011133    1.797763    
77          9         1           9.5800      0.487747    0.025445    4.110066    
78          0         1           9.7400      0.154158    0.024766    3.833419    
78          1         1           11.3500     0.326086    0.010270    1.511380    
78          2         1           8.9200      1.446507    0.017597    2.493035    
78          3         1           9.8000      0.529756    0.014582    3.069842    
78          4         1           10.2800     0.561819    0.011850    1.868507    
78          5         1           10.3200     0.785958    0.053803    9.597557    
78          6         1           10.0900     0.126535    0.024287    2.889491    
78          7         1           9.8200      0.637783    0.017169    3.062796    
78          8         1           10.1000     0.128627    0.023748    3.957293    
78          9         1           9.5800      0.819343    0.019202    3.339307    
79          0         1           9.7400      0.324455    0.047727    7.141894    
79          1         1           11.3500     0.052394    0.006951    0.997621    
79          2         1           8.9200      1.028527    0.026127    3.790233    
79          3         1           9.8000      0.454102    0.019703    3.842714    
79          4         1           10.2800     0.473930    0.212504    33.950630   
79          5         1           10.3200     0.322262    0.019895    3.474966    
79          6         1           44.5700     0.000000    1.975683    245.477607  
79          7         1           9.8200      0.076475    0.059679    10.503344   
79          8         1           10.1000     0.266928    0.018341    3.074377    
79          9         1           9.5800      0.270224    0.013430    2.350059    
80          0         1           9.7400      0.808780    0.017179    1.993066    
80          1         1           11.3500     1.212907    0.013399    1.985886    
80          2         1           8.9200      0.231969    0.014712    1.672977    
80          3         1           9.8000      0.510877    0.008672    1.825867    
80          4         1           10.2800     0.623941    0.026368    4.352838    
80          5         1           10.3200     0.424141    0.030908    5.235658    
80          6         1           47.6900     0.000000    4.734335    284.754437  
80          7         1           9.8200      0.304096    0.045127    8.244928    
80          8         1           10.1000     0.606370    0.291544    49.427185   
80          9         1           9.5800      0.837146    0.014406    2.161192    
81          0         1           49.0200     0.000000    2.083252    283.007072  
81          1         1           11.3500     0.885927    0.008164    1.199434    
81          2         1           8.9200      0.736022    0.014770    2.022350    
81          3         1           9.8000      0.270775    0.010062    2.084742    
81          4         1           10.2800     0.137900    0.073550    11.880048   
81          5         1           10.3200     0.763607    0.296941    47.277580   
81          6         1           10.0900     0.717464    2.951713    147.363365  
81          7         1           9.8200      0.121594    0.029648    5.189412    
81          8         1           10.1000     0.333150    0.023310    4.327303    
81          9         1           9.5800      0.821884    0.021351    3.467701    
82          0         1           47.0800     0.000000    4.878153    331.492880  
82          1         1           11.3500     0.686912    0.003598    0.560458    
82          2         1           8.9200      0.838016    0.016267    2.450775    
82          3         1           9.8000      0.229223    0.007471    1.562707    
82          4         1           10.2800     0.999662    0.008962    1.431217    
82          5         1           10.3200     0.468583    0.037200    6.836165    
82          6         1           10.0900     0.480485    0.164383    12.098353   
82          7         1           9.8200      0.179105    0.023989    4.397989    
82          8         1           10.1000     0.736945    0.013544    2.407948    
82          9         1           9.5800      0.213167    0.014064    2.437679    
83          0         1           47.6500     0.000000    6.092605    331.748506  
83          1         1           11.3500     0.824381    0.009844    1.492228    
83          2         1           8.9200      0.743502    0.023058    3.367641    
83          3         1           47.6500     0.000000    0.376050    77.757822   
83          4         1           10.2800     0.273705    0.012137    1.995927    
83          5         1           10.3200     0.708787    0.016440    2.743053    
83          6         1           10.0900     0.595571    0.032701    4.334834    
83          7         1           9.8200      0.170065    0.015205    2.646981    
83          8         1           10.1000     0.534099    0.023912    4.373498    
83          9         1           9.5800      1.123459    0.119534    21.150509   
84          0         1           38.3500     0.000000    7.360514    340.048336  
84          1         1           11.3500     0.260602    0.008823    1.373975    
84          2         1           8.9200      1.794486    0.023462    3.704713    
84          3         1           38.3500     0.000000    2.007686    256.352954  
84          4         1           10.2800     0.175269    0.459344    81.395453   
84          5         1           10.3200     0.848418    0.013351    2.124673    
84          6         1           10.0900     0.353961    0.025573    3.555103    
84          7         1           9.8200      0.592568    0.018012    3.278527    
84          8         1           10.1000     0.155847    0.012157    1.793228    
84          9         1           9.5800      0.046705    0.008808    1.394265    
85          0         1           42.9400     0.000000    7.923219    336.951908  
85          1         1           11.3500     0.614188    0.008184    1.273553    
85          2         1           8.9200      0.813406    0.015743    2.441449    
85          3         1           42.9400     0.000000    3.117955    297.392037  
85          4         1           10.2800     0.471160    0.210312    29.661445   
85          5         1           10.3200     0.186829    0.009690    1.632153    
85          6         1           10.0900     0.430173    0.024749    3.694600    
85          7         1           9.8200      0.952791    0.015414    3.141195    
85          8         1           10.1000     0.053219    0.019158    3.485436    
85          9         1           9.5800      1.015988    0.011127    1.751147    
86          0         1           9.7400      0.324200    4.883898    204.265189  
86          1         1           11.3500     0.154536    0.007233    1.208042    
86          2         1           8.9200      1.836579    0.016475    2.634918    
86          3         1           40.6600     0.000000    3.936005    310.651029  
86          4         1           10.2800     0.523532    0.015351    2.634053    
86          5         1           10.3200     0.170268    0.185916    34.724329   
86          6         1           10.0900     0.796700    0.012795    1.463038    
86          7         1           9.8200      0.225286    0.015293    2.761951    
86          8         1           10.1000     0.801547    0.031875    5.451558    
86          9         1           9.5800      0.363473    0.020965    4.303611    
87          0         1           9.7400      0.988070    0.890075    51.732353   
87          1         1           11.3500     0.756667    0.018865    2.965906    
87          2         1           8.9200      1.032483    0.010564    1.685587    
87          3         1           9.8000      0.011583    3.067601    236.788096  
87          4         1           10.2800     0.966943    0.018597    3.079099    
87          5         1           10.3200     0.953462    0.013473    2.381654    
87          6         1           10.0900     1.147909    0.033413    5.550442    
87          7         1           9.8200      0.270535    0.013433    2.326164    
87          8         1           10.1000     0.504728    0.015193    2.756420    
87          9         1           9.5800      0.885167    0.046502    9.951625    
88          0         1           9.7400      0.526684    0.020698    2.354695    
88          1         1           11.3500     0.075801    0.007910    1.191068    
88          2         1           8.9200      0.456310    0.017491    2.668932    
88          3         1           9.8000      0.166526    0.334645    37.496232   
88          4         1           10.2800     0.936162    0.013303    2.155922    
88          5         1           10.3200     0.621474    0.032241    5.935392    
88          6         1           10.0900     1.135992    0.013654    1.740212    
88          7         1           9.8200      0.463263    0.011504    2.001093    
88          8         1           10.1000     0.624375    0.278161    51.066414   
88          9         1           9.5800      0.931526    0.016025    2.877236    
89          0         1           9.7400      0.557460    0.036235    5.749434    
89          1         1           11.3500     0.326259    0.014762    2.209163    
89          2         1           8.9200      0.278745    0.032776    5.002373    
89          3         1           9.8000      0.104563    0.023088    4.457822    
89          4         1           50.2800     0.000000    0.780514    134.297114  
89          5         1           10.3200     1.391767    0.031788    5.937608    
89          6         1           10.0900     0.850889    0.012985    1.721614    
89          7         1           9.8200      0.114470    0.010068    1.751778    
89          8         1           10.1000     0.759732    0.029863    5.517421    
89          9         1           9.5800      1.050923    0.055347    10.888473   
90          0         1           9.7400      0.405959    0.032050    4.939795    
90          1         1           11.3500     0.910261    0.009702    1.600580    
90          2         1           8.9200      0.623328    0.024597    4.005904    
90          3         1           9.8000      0.123854    0.103219    22.279364   
90          4         1           10.2800     0.653849    1.709268    136.976921  
90          5         1           10.3200     0.277432    0.028481    5.096690    
90          6         1           10.0900     0.911784    0.015779    2.401072    
90          7         1           9.8200      0.082998    0.024014    4.352622    
90          8         1           10.1000     0.824685    0.022245    4.312968    
90          9         1           9.5800      0.038630    0.015569    3.067801    
91          0         1           9.7400      0.302412    0.025055    4.200348    
91          1         1           11.3500     0.760841    0.011480    1.847227    
91          2         1           8.9200      0.879304    0.015751    2.236469    
91          3         1           9.8000      0.444919    0.018419    3.962989    
91          4         1           10.2800     0.571420    0.081397    9.619456    
91          5         1           10.3200     0.987730    0.193520    33.890388   
91          6         1           10.0900     0.824492    0.011890    1.545490    
91          7         1           9.8200      0.167463    0.023703    4.051657    
91          8         1           10.1000     0.342619    0.026639    4.968883    
91          9         1           9.5800      0.495500    0.017875    3.128559    
92          0         1           9.7400      0.088133    0.100751    15.956542   
92          1         1           11.3500     0.071650    0.008008    1.315801    
92          2         1           8.9200      0.030361    0.034183    5.075816    
92          3         1           9.8000      0.555018    0.015474    3.264111    
92          4         1           10.2800     0.106595    0.015302    2.705449    
92          5         1           10.3200     0.748981    0.021816    4.009505    
92          6         1           48.0800     0.000000    1.687300    236.511669  
92          7         1           9.8200      0.742026    0.019974    3.534891    
92          8         1           10.1000     0.709781    0.098422    17.364905   
92          9         1           9.5800      0.671269    0.381877    65.749771   
93          0         1           9.7400      0.032327    0.018834    2.920593    
93          1         1           11.3500     0.818190    0.047570    7.757784    
93          2         1           8.9200      0.199911    0.025889    4.152134    
93          3         1           9.8000      0.072632    0.014555    2.986083    
93          4         1           10.2800     0.311097    0.012386    2.093383    
93          5         1           10.3200     0.823087    0.023705    4.517968    
93          6         1           10.0900     0.085622    2.349482    155.141942  
93          7         1           9.8200      0.104913    0.016672    3.188445    
93          8         1           10.1000     0.293416    0.013189    2.246231    
93          9         1           9.5800      0.285840    0.011389    1.870287    
94          0         1           9.7400      0.737278    0.018959    2.569681    
94          1         1           11.3500     0.140691    0.056185    9.343779    
94          2         1           8.9200      1.186398    0.017384    2.503348    
94          3         1           9.8000      0.052824    0.032820    6.857435    
94          4         1           10.2800     0.570157    0.018094    2.880557    
94          5         1           10.3200     0.289072    0.012468    1.887001    
94          6         1           10.0900     0.656339    0.017450    2.113911    
94          7         1           9.8200      0.802222    0.013012    2.055310    
94          8         1           10.1000     0.530877    0.050378    9.795285    
94          9         1           9.5800      0.103769    0.031350    4.444525    
95          0         1           9.7400      0.293803    0.024518    3.865634    
95          1         1           11.3500     0.114749    0.011311    1.797896    
95          2         1           8.9200      0.184074    0.022856    3.676495    
95          3         1           9.8000      0.791975    0.020232    4.484288    
95          4         1           10.2800     1.053394    0.007130    1.146802    
95          5         1           10.3200     0.257187    0.010571    1.769782    
95          6         1           10.0900     1.609792    0.017534    2.407028    
95          7         1           9.8200      0.081793    0.014370    2.564293    
95          8         1           52.8800     0.000000    1.080178    194.344935  
95          9         1           9.5800      0.027245    0.013483    2.286088    
96          0         1           9.7400      0.637117    0.020279    3.251621    
96          1         1           35.0500     0.000000    0.225834    38.048335   
96          2         1           8.9200      0.714296    0.015355    2.185041    
96          3         1           9.8000      0.183140    0.013375    2.905771    
96          4         1           10.2800     0.607593    0.008681    1.382500    
96          5         1           10.3200     0.174493    0.030385    5.560195    
96          6         1           10.0900     0.506798    0.026219    4.225552    
96          7         1           9.8200      0.578001    0.024492    4.662862    
96          8         1           10.1000     0.509565    1.741475    141.045963  
96          9         1           9.5800      0.078251    0.036377    6.717777    
97          0         1           9.7400      0.285827    0.018727    3.457821    
97          1         1           51.6500     0.000000    1.782268    189.243134  
97          2         1           8.9200      0.301746    0.012528    1.802662    
97          3         1           9.8000      0.714162    0.008001    1.831063    
97          4         1           10.2800     0.039997    0.008068    1.555920    
97          5         1           10.3200     0.735771    0.033629    6.541195    
97          6         1           10.0900     0.351404    0.015280    2.465660    
97          7         1           9.8200      0.474740    0.040183    7.846384    
97          8         1           10.1000     0.028441    0.096965    13.617105   
97          9         1           9.5800      0.115638    0.009747    1.599050    
98          0         1           9.7400      0.026295    0.025328    4.503230    
98          1         1           38.2100     0.000000    2.609778    216.385891  
98          2         1           8.9200      0.674512    0.020549    3.234539    
98          3         1           9.8000      0.077827    0.015890    3.522648    
98          4         1           10.2800     0.049535    0.043803    8.514645    
98          5         1           10.3200     0.821315    0.223218    44.046136   
98          6         1           10.0900     0.280236    0.018769    3.057709    
98          7         1           9.8200      0.430016    0.021054    4.151465    
98          8         1           10.1000     0.098421    0.039058    7.184464    
98          9         1           9.5800      0.142119    0.019356    3.847560    
99          0         1           9.7400      0.175835    0.045277    7.959497    
99          1         1           44.5600     0.000000    3.149375    224.170967  
99          2         1           8.9200      0.480418    0.041392    6.998878    
99          3         1           9.8000      0.073961    0.018724    4.230360    
99          4         1           10.2800     0.156565    0.099465    19.138754   
99          5         1           10.3200     1.191871    0.026872    5.306817    
99          6         1           10.0900     0.176071    0.030465    5.157290    
99          7         1           9.8200      0.282004    0.017623    3.571366    
99          8         1           10.1000     0.645319    0.020975    3.797299    
99          9         1           44.5600     0.000000    1.065915    208.315535  
100         0         1           9.7400      0.178650    0.024701    4.670866    
100         1         1           45.6300     0.000000    3.602725    228.973990  
100         2         1           8.9200      1.178172    0.017708    2.967143    
100         3         1           9.8000      0.153147    0.020999    4.845658    
100         4         1           10.2800     0.493736    0.020133    4.014953    
100         5         1           10.3200     0.289856    0.014592    3.086333    
100         6         1           10.0900     0.611434    0.021351    3.803553    
100         7         1           9.8200      0.100364    0.017669    3.714075    
100         8         1           10.1000     0.473228    0.013571    2.572451    
100         9         1           45.6300     0.000000    3.559256    324.034934  
