GlobalRnd   ClientID  LocEpoch    Accuracy    LR          Loss        GradNorm    
1           0         1           16.0800     0.010000    1.863077    0.000000    
1           1         1           26.2200     0.010000    1.546451    0.000000    
1           2         1           20.0800     0.010000    1.568455    0.000000    
1           3         1           17.5900     0.010000    1.514735    0.000000    
1           4         1           22.0800     0.010000    1.557939    0.000000    
2           0         1           20.8200     0.010000    1.639518    0.000000    
2           1         1           28.9100     0.010000    1.329250    0.000000    
2           2         1           29.9900     0.010000    1.340916    0.000000    
2           3         1           25.6600     0.010000    1.303592    0.000000    
2           4         1           20.1300     0.010000    1.369043    0.000000    
3           0         1           31.0200     0.010000    1.507978    0.000000    
3           1         1           33.1500     0.010000    1.209271    0.000000    
3           2         1           20.4200     0.010000    1.224382    0.000000    
3           3         1           31.7500     0.010000    1.187899    0.000000    
3           4         1           33.7700     0.010000    1.258563    0.000000    
4           0         1           31.3600     0.010000    1.414750    0.000000    
4           1         1           33.8100     0.010000    1.137683    0.000000    
4           2         1           24.5800     0.010000    1.146374    0.000000    
4           3         1           28.6700     0.010000    1.095452    0.000000    
4           4         1           32.4300     0.010000    1.169396    0.000000    
5           0         1           36.4300     0.010000    1.344667    0.000000    
5           1         1           36.3400     0.010000    1.066853    0.000000    
5           2         1           29.9200     0.010000    1.081061    0.000000    
5           3         1           27.1900     0.010000    1.037577    0.000000    
5           4         1           23.2900     0.010000    1.103975    0.000000    
6           0         1           38.0000     0.010000    1.287636    0.000000    
6           1         1           39.4800     0.010000    1.018290    0.000000    
6           2         1           34.4100     0.010000    1.032782    0.000000    
6           3         1           36.9000     0.010000    0.982789    0.000000    
6           4         1           37.1300     0.010000    1.054977    0.000000    
7           0         1           42.3400     0.010000    1.247459    0.000000    
7           1         1           41.3300     0.010000    0.980558    0.000000    
7           2         1           38.3500     0.010000    0.984324    0.000000    
7           3         1           37.1800     0.010000    0.937304    0.000000    
7           4         1           33.2900     0.010000    1.009881    0.000000    
8           0         1           38.3600     0.010000    1.202490    0.000000    
8           1         1           42.8700     0.010000    0.943689    0.000000    
8           2         1           38.9900     0.010000    0.949709    0.000000    
8           3         1           29.4900     0.010000    0.907304    0.000000    
8           4         1           27.8600     0.010000    0.974893    0.000000    
9           0         1           41.0300     0.010000    1.178786    0.000000    
9           1         1           42.7600     0.010000    0.917622    0.000000    
9           2         1           32.3600     0.010000    0.914242    0.000000    
9           3         1           37.2500     0.010000    0.877967    0.000000    
9           4         1           40.3800     0.010000    0.937790    0.000000    
10          0         1           45.8500     0.010000    1.150135    0.000000    
10          1         1           44.9000     0.010000    0.883412    0.000000    
10          2         1           41.8800     0.010000    0.894018    0.000000    
10          3         1           41.3500     0.010000    0.862130    0.000000    
10          4         1           48.0600     0.010000    0.908868    0.000000    
11          0         1           48.5200     0.010000    1.120581    0.000000    
11          1         1           43.3100     0.010000    0.856327    0.000000    
11          2         1           38.5100     0.010000    0.853654    0.000000    
11          3         1           28.1600     0.010000    0.838770    0.000000    
11          4         1           43.1100     0.010000    0.873584    0.000000    
12          0         1           51.4000     0.010000    1.090603    0.000000    
12          1         1           45.6500     0.010000    0.837683    0.000000    
12          2         1           37.3000     0.010000    0.841310    0.000000    
12          3         1           38.5500     0.010000    0.812454    0.000000    
12          4         1           52.2100     0.010000    0.859269    0.000000    
13          0         1           47.9400     0.010000    1.061135    0.000000    
13          1         1           51.3100     0.010000    0.816832    0.000000    
13          2         1           46.3000     0.010000    0.812785    0.000000    
13          3         1           40.8000     0.010000    0.793197    0.000000    
13          4         1           40.5400     0.010000    0.831272    0.000000    
14          0         1           46.9400     0.010000    1.047225    0.000000    
14          1         1           49.4100     0.010000    0.789133    0.000000    
14          2         1           40.8600     0.010000    0.788277    0.000000    
14          3         1           43.9100     0.010000    0.775193    0.000000    
14          4         1           47.5500     0.010000    0.808226    0.000000    
15          0         1           49.4600     0.010000    1.014667    0.000000    
15          1         1           50.4000     0.010000    0.768024    0.000000    
15          2         1           44.6700     0.010000    0.769691    0.000000    
15          3         1           47.3000     0.010000    0.754048    0.000000    
15          4         1           43.4400     0.010000    0.789658    0.000000    
16          0         1           51.8000     0.010000    0.997318    0.000000    
16          1         1           54.4300     0.010000    0.750144    0.000000    
16          2         1           49.5500     0.010000    0.746461    0.000000    
16          3         1           48.6900     0.010000    0.739003    0.000000    
16          4         1           52.2700     0.010000    0.767441    0.000000    
17          0         1           48.4900     0.010000    0.981670    0.000000    
17          1         1           52.8300     0.010000    0.726743    0.000000    
17          2         1           43.6700     0.010000    0.730260    0.000000    
17          3         1           50.1500     0.010000    0.722678    0.000000    
17          4         1           50.9700     0.010000    0.745727    0.000000    
18          0         1           53.5000     0.010000    0.956431    0.000000    
18          1         1           53.7300     0.010000    0.710491    0.000000    
18          2         1           35.0600     0.010000    0.709275    0.000000    
18          3         1           42.9000     0.010000    0.704147    0.000000    
18          4         1           47.3700     0.010000    0.733514    0.000000    
19          0         1           53.4700     0.010000    0.930132    0.000000    
19          1         1           49.4900     0.010000    0.695846    0.000000    
19          2         1           31.1500     0.010000    0.699481    0.000000    
19          3         1           41.7800     0.010000    0.691604    0.000000    
19          4         1           45.0300     0.010000    0.712312    0.000000    
20          0         1           53.6300     0.010000    0.911339    0.000000    
20          1         1           49.9300     0.010000    0.678626    0.000000    
20          2         1           48.1700     0.010000    0.674751    0.000000    
20          3         1           45.1300     0.010000    0.678485    0.000000    
20          4         1           52.1500     0.010000    0.696900    0.000000    
21          0         1           56.2400     0.010000    0.889340    0.000000    
21          1         1           52.8900     0.010000    0.669723    0.000000    
21          2         1           45.5200     0.010000    0.661320    0.000000    
21          3         1           51.2400     0.010000    0.665698    0.000000    
21          4         1           49.9500     0.010000    0.678747    0.000000    
22          0         1           39.0000     0.010000    0.876134    0.000000    
22          1         1           56.2300     0.010000    0.652630    0.000000    
22          2         1           43.8100     0.010000    0.652796    0.000000    
22          3         1           40.1400     0.010000    0.650917    0.000000    
22          4         1           50.6800     0.010000    0.665270    0.000000    
23          0         1           51.5500     0.010000    0.851517    0.000000    
23          1         1           54.4500     0.010000    0.630447    0.000000    
23          2         1           55.5100     0.010000    0.629896    0.000000    
23          3         1           41.1600     0.010000    0.640396    0.000000    
23          4         1           58.1900     0.010000    0.650601    0.000000    
24          0         1           54.3500     0.010000    0.836755    0.000000    
24          1         1           56.1400     0.010000    0.626779    0.000000    
24          2         1           53.6100     0.010000    0.620328    0.000000    
24          3         1           45.4300     0.010000    0.628551    0.000000    
24          4         1           52.4800     0.010000    0.636065    0.000000    
25          0         1           51.7800     0.010000    0.824910    0.000000    
25          1         1           54.4800     0.010000    0.606104    0.000000    
25          2         1           50.3900     0.010000    0.599962    0.000000    
25          3         1           44.0300     0.010000    0.616555    0.000000    
25          4         1           57.4300     0.010000    0.620670    0.000000    
26          0         1           56.7000     0.010000    0.808707    0.000000    
26          1         1           54.0600     0.010000    0.594329    0.000000    
26          2         1           53.7300     0.010000    0.585531    0.000000    
26          3         1           45.2800     0.010000    0.600468    0.000000    
26          4         1           48.2000     0.010000    0.604272    0.000000    
27          0         1           53.9300     0.010000    0.792343    0.000000    
27          1         1           53.6800     0.010000    0.579223    0.000000    
27          2         1           51.4600     0.010000    0.575377    0.000000    
27          3         1           48.9000     0.010000    0.590240    0.000000    
27          4         1           60.2700     0.010000    0.592781    0.000000    
28          0         1           48.5000     0.010000    0.769148    0.000000    
28          1         1           58.8400     0.010000    0.568333    0.000000    
28          2         1           46.2700     0.010000    0.550537    0.000000    
28          3         1           47.2500     0.010000    0.573900    0.000000    
28          4         1           54.3700     0.010000    0.581277    0.000000    
29          0         1           55.8600     0.010000    0.755519    0.000000    
29          1         1           57.6000     0.010000    0.556296    0.000000    
29          2         1           51.0300     0.010000    0.543339    0.000000    
29          3         1           49.5800     0.010000    0.566781    0.000000    
29          4         1           54.7700     0.010000    0.564777    0.000000    
30          0         1           60.8100     0.010000    0.735589    0.000000    
30          1         1           59.2500     0.010000    0.539201    0.000000    
30          2         1           41.8900     0.010000    0.531092    0.000000    
30          3         1           33.8200     0.010000    0.554153    0.000000    
30          4         1           58.2800     0.010000    0.550885    0.000000    
31          0         1           57.8400     0.010000    0.716118    0.000000    
31          1         1           58.6200     0.010000    0.526579    0.000000    
31          2         1           52.7600     0.010000    0.513900    0.000000    
31          3         1           51.5300     0.010000    0.544150    0.000000    
31          4         1           56.5300     0.010000    0.537124    0.000000    
32          0         1           56.0900     0.010000    0.695285    0.000000    
32          1         1           57.4600     0.010000    0.517231    0.000000    
32          2         1           48.5300     0.010000    0.497797    0.000000    
32          3         1           48.9300     0.010000    0.535941    0.000000    
32          4         1           56.2800     0.010000    0.522329    0.000000    
33          0         1           60.3100     0.010000    0.690978    0.000000    
33          1         1           57.4100     0.010000    0.496693    0.000000    
33          2         1           48.8200     0.010000    0.489869    0.000000    
33          3         1           52.5900     0.010000    0.520803    0.000000    
33          4         1           58.5200     0.010000    0.514952    0.000000    
34          0         1           61.0600     0.010000    0.664259    0.000000    
34          1         1           59.9200     0.010000    0.486650    0.000000    
34          2         1           39.0700     0.010000    0.472311    0.000000    
34          3         1           54.5400     0.010000    0.505459    0.000000    
34          4         1           58.2300     0.010000    0.494697    0.000000    
35          0         1           54.7500     0.010000    0.657765    0.000000    
35          1         1           56.4300     0.010000    0.474492    0.000000    
35          2         1           49.9300     0.010000    0.460768    0.000000    
35          3         1           40.7600     0.010000    0.500508    0.000000    
35          4         1           52.8000     0.010000    0.489234    0.000000    
36          0         1           60.6500     0.010000    0.631996    0.000000    
36          1         1           54.8300     0.010000    0.463557    0.000000    
36          2         1           51.6700     0.010000    0.443177    0.000000    
36          3         1           53.9300     0.010000    0.482761    0.000000    
36          4         1           48.0300     0.010000    0.476070    0.000000    
37          0         1           60.3900     0.010000    0.615400    0.000000    
37          1         1           59.0900     0.010000    0.449539    0.000000    
37          2         1           51.4600     0.010000    0.434470    0.000000    
37          3         1           57.0500     0.010000    0.471930    0.000000    
37          4         1           55.9900     0.010000    0.462489    0.000000    
38          0         1           60.5600     0.010000    0.594739    0.000000    
38          1         1           59.1400     0.010000    0.442346    0.000000    
38          2         1           53.7900     0.010000    0.411100    0.000000    
38          3         1           51.5900     0.010000    0.459492    0.000000    
38          4         1           46.3400     0.010000    0.457387    0.000000    
39          0         1           57.6100     0.010000    0.575819    0.000000    
39          1         1           59.2500     0.010000    0.422177    0.000000    
39          2         1           48.9100     0.010000    0.401675    0.000000    
39          3         1           53.7700     0.010000    0.453614    0.000000    
39          4         1           57.4600     0.010000    0.438600    0.000000    
40          0         1           57.2300     0.010000    0.572483    0.000000    
40          1         1           61.1200     0.010000    0.407538    0.000000    
40          2         1           52.4600     0.010000    0.394715    0.000000    
40          3         1           50.1500     0.010000    0.439290    0.000000    
40          4         1           46.9400     0.010000    0.421274    0.000000    
41          0         1           63.7700     0.010000    0.549496    0.000000    
41          1         1           59.8900     0.010000    0.404316    0.000000    
41          2         1           48.0300     0.010000    0.375667    0.000000    
41          3         1           48.0500     0.010000    0.425271    0.000000    
41          4         1           45.4600     0.010000    0.412346    0.000000    
42          0         1           58.7500     0.010000    0.527103    0.000000    
42          1         1           61.2000     0.010000    0.383263    0.000000    
42          2         1           33.8400     0.010000    0.358863    0.000000    
42          3         1           45.0300     0.010000    0.414847    0.000000    
42          4         1           57.3000     0.010000    0.401861    0.000000    
43          0         1           61.2500     0.010000    0.506568    0.000000    
43          1         1           57.9200     0.010000    0.370544    0.000000    
43          2         1           52.6000     0.010000    0.348700    0.000000    
43          3         1           44.7000     0.010000    0.404826    0.000000    
43          4         1           56.4800     0.010000    0.390237    0.000000    
44          0         1           57.2200     0.010000    0.489955    0.000000    
44          1         1           61.6700     0.010000    0.361262    0.000000    
44          2         1           44.0400     0.010000    0.337637    0.000000    
44          3         1           56.4900     0.010000    0.394602    0.000000    
44          4         1           48.6900     0.010000    0.376412    0.000000    
45          0         1           56.1400     0.010000    0.476179    0.000000    
45          1         1           61.0500     0.010000    0.341964    0.000000    
45          2         1           57.6000     0.010000    0.318242    0.000000    
45          3         1           52.1500     0.010000    0.378929    0.000000    
45          4         1           61.0700     0.010000    0.367963    0.000000    
46          0         1           59.5900     0.010000    0.463137    0.000000    
46          1         1           58.6600     0.010000    0.338361    0.000000    
46          2         1           47.5100     0.010000    0.306758    0.000000    
46          3         1           48.6500     0.010000    0.370790    0.000000    
46          4         1           55.8100     0.010000    0.353262    0.000000    
47          0         1           58.8400     0.010000    0.443386    0.000000    
47          1         1           60.5900     0.010000    0.330028    0.000000    
47          2         1           36.8100     0.010000    0.289877    0.000000    
47          3         1           51.4600     0.010000    0.358801    0.000000    
47          4         1           61.1700     0.010000    0.343212    0.000000    
48          0         1           58.9500     0.010000    0.416455    0.000000    
48          1         1           60.4800     0.010000    0.300343    0.000000    
48          2         1           58.9800     0.010000    0.273579    0.000000    
48          3         1           44.0200     0.010000    0.346956    0.000000    
48          4         1           62.5900     0.010000    0.326537    0.000000    
49          0         1           64.6100     0.010000    0.421684    0.000000    
49          1         1           59.1100     0.010000    0.287507    0.000000    
49          2         1           56.7500     0.010000    0.261930    0.000000    
49          3         1           51.3500     0.010000    0.334703    0.000000    
49          4         1           46.2500     0.010000    0.316594    0.000000    
50          0         1           57.1600     0.010000    0.379985    0.000000    
50          1         1           62.5600     0.010000    0.285705    0.000000    
50          2         1           55.1300     0.010000    0.247589    0.000000    
50          3         1           54.3700     0.010000    0.324252    0.000000    
50          4         1           62.1700     0.010000    0.303859    0.000000    
