ClientID	NNPass_Train	TrainLoss	NNPass_Test	TestLoss
0	375	1.683464	375	0.585133
0	750	0.662667	750	0.311718
0	1125	0.547712	1125	0.282420
0	1500	0.496604	1500	0.250203
0	1875	0.465169	1875	0.187031
0	2250	0.444143	2250	0.206412
0	2625	0.431982	2625	0.191252
0	3000	0.419949	3000	0.189514
0	3375	0.408869	3375	0.218528
0	3750	0.402650	3750	0.176766
0	4125	0.396169	4125	0.191913
0	4500	0.389732	4500	0.194219
0	4875	0.386114	4875	0.155686
0	5250	0.381355	5250	0.177315
0	5625	0.377797	5625	0.144901
0	6000	0.373968	6000	0.182167
0	6375	0.369376	6375	0.151116
0	6750	0.365461	6750	0.153085
0	7125	0.362675	7125	0.132319
0	7500	0.358034	7500	0.139045
0	7875	0.356919	7875	0.130623
0	8250	0.354680	8250	0.164749
0	8625	0.351660	8625	0.115468
0	9000	0.348319	9000	0.203843
0	9375	0.347565	9375	0.158409
0	9750	0.344366	9750	0.125030
0	10125	0.341683	10125	0.158093
0	10500	0.342388	10500	0.127260
0	10875	0.339710	10875	0.158938
0	11250	0.336379	11250	0.145028
0	11625	0.338069	11625	0.123340
0	12000	0.334656	12000	0.134903
0	12375	0.334461	12375	0.132333
0	12750	0.333445	12750	0.095925
0	13125	0.331053	13125	0.123037
0	13500	0.328793	13500	0.120325
0	13875	0.328488	13875	0.129514
0	14250	0.328454	14250	0.110754
0	14625	0.327896	14625	0.109586
0	15000	0.324165	15000	0.100300
0	15375	0.325687	15375	0.135294
0	15750	0.323947	15750	0.144583
0	16125	0.321073	16125	0.133372
0	16500	0.321995	16500	0.114908
0	16875	0.319733	16875	0.103373
0	17250	0.319557	17250	0.116563
0	17625	0.319163	17625	0.119608
0	18000	0.318289	18000	0.175316
0	18375	0.316969	18375	0.119842
0	18750	0.316595	18750	0.133727
1	375	1.507824	375	0.455371
1	750	0.351218	750	0.235181
1	1125	0.234064	1125	0.183946
1	1500	0.182284	1500	0.152881
1	1875	0.151025	1875	0.129902
1	2250	0.134266	2250	0.132131
1	2625	0.119978	2625	0.095904
1	3000	0.110800	3000	0.105904
1	3375	0.100934	3375	0.093258
1	3750	0.096355	3750	0.085296
1	4125	0.089264	4125	0.079000
1	4500	0.083954	4500	0.070797
1	4875	0.079178	4875	0.065197
1	5250	0.075397	5250	0.076750
1	5625	0.071416	5625	0.062681
1	6000	0.068280	6000	0.065686
1	6375	0.064133	6375	0.060623
1	6750	0.062147	6750	0.060507
1	7125	0.059354	7125	0.067134
1	7500	0.056667	7500	0.061160
1	7875	0.056702	7875	0.058015
1	8250	0.055800	8250	0.052099
1	8625	0.053195	8625	0.048605
1	9000	0.050823	9000	0.052637
1	9375	0.049201	9375	0.049101
1	9750	0.047525	9750	0.059213
1	10125	0.047413	10125	0.050891
1	10500	0.045350	10500	0.055087
1	10875	0.045098	10875	0.045313
1	11250	0.043797	11250	0.045606
1	11625	0.042385	11625	0.042382
1	12000	0.041949	12000	0.047677
1	12375	0.039833	12375	0.046634
1	12750	0.038832	12750	0.048481
1	13125	0.039046	13125	0.043228
1	13500	0.038552	13500	0.040316
1	13875	0.037367	13875	0.043507
1	14250	0.035538	14250	0.042076
1	14625	0.035643	14625	0.039430
1	15000	0.035897	15000	0.048521
1	15375	0.035541	15375	0.048621
1	15750	0.032649	15750	0.044988
1	16125	0.033718	16125	0.040648
1	16500	0.033921	16500	0.047863
1	16875	0.032660	16875	0.040445
1	17250	0.031361	17250	0.046639
1	17625	0.031625	17625	0.039807
1	18000	0.029788	18000	0.037538
1	18375	0.029703	18375	0.040771
1	18750	0.030070	18750	0.035283
2	375	1.514062	375	0.472740
2	750	0.356921	750	0.252948
2	1125	0.236092	1125	0.189900
2	1500	0.182865	1500	0.150472
2	1875	0.152169	1875	0.128570
2	2250	0.133671	2250	0.130434
2	2625	0.119562	2625	0.114677
2	3000	0.110106	3000	0.100085
2	3375	0.101627	3375	0.084461
2	3750	0.093683	3750	0.078833
2	4125	0.089787	4125	0.078767
2	4500	0.081505	4500	0.077103
2	4875	0.079067	4875	0.073402
2	5250	0.075376	5250	0.074073
2	5625	0.073163	5625	0.066443
2	6000	0.068801	6000	0.072008
2	6375	0.065531	6375	0.064120
2	6750	0.064358	6750	0.058836
2	7125	0.063251	7125	0.058954
2	7500	0.059723	7500	0.053750
2	7875	0.057111	7875	0.056226
2	8250	0.056435	8250	0.054843
2	8625	0.054119	8625	0.052556
2	9000	0.050577	9000	0.054908
2	9375	0.051377	9375	0.051847
2	9750	0.048519	9750	0.049590
2	10125	0.046674	10125	0.052442
2	10500	0.046232	10500	0.051423
2	10875	0.045683	10875	0.049217
2	11250	0.043620	11250	0.045804
2	11625	0.043258	11625	0.046486
2	12000	0.041947	12000	0.044791
2	12375	0.041113	12375	0.044153
2	12750	0.041153	12750	0.042189
2	13125	0.040586	13125	0.042033
2	13500	0.038823	13500	0.045018
2	13875	0.037938	13875	0.043288
2	14250	0.038037	14250	0.044981
2	14625	0.037148	14625	0.042991
2	15000	0.035766	15000	0.047765
2	15375	0.034270	15375	0.043228
2	15750	0.034946	15750	0.043171
2	16125	0.033967	16125	0.040831
2	16500	0.032225	16500	0.078393
2	16875	0.032277	16875	0.043468
2	17250	0.032586	17250	0.039387
2	17625	0.031162	17625	0.037917
2	18000	0.030504	18000	0.042525
2	18375	0.029998	18375	0.040613
2	18750	0.030266	18750	0.043833
3	375	1.483191	375	0.412587
3	750	0.348995	750	0.281180
3	1125	0.237798	1125	0.176862
3	1500	0.186005	1500	0.213000
3	1875	0.158516	1875	0.123053
3	2250	0.135893	2250	0.123218
3	2625	0.123323	2625	0.092996
3	3000	0.111319	3000	0.089828
3	3375	0.101914	3375	0.094870
3	3750	0.095832	3750	0.085394
3	4125	0.090346	4125	0.081659
3	4500	0.085697	4500	0.080250
3	4875	0.080775	4875	0.066439
3	5250	0.077115	5250	0.079559
3	5625	0.074117	5625	0.067218
3	6000	0.068827	6000	0.067325
3	6375	0.066629	6375	0.059325
3	6750	0.063530	6750	0.058269
3	7125	0.061407	7125	0.059153
3	7500	0.059704	7500	0.066826
3	7875	0.056985	7875	0.053624
3	8250	0.056520	8250	0.058723
3	8625	0.055190	8625	0.051327
3	9000	0.053661	9000	0.049689
3	9375	0.051054	9375	0.054239
3	9750	0.049668	9750	0.049323
3	10125	0.047741	10125	0.048715
3	10500	0.046812	10500	0.046712
3	10875	0.045182	10875	0.052763
3	11250	0.045396	11250	0.051806
3	11625	0.042179	11625	0.044436
3	12000	0.041977	12000	0.047348
3	12375	0.041565	12375	0.043057
3	12750	0.038916	12750	0.046788
3	13125	0.039521	13125	0.047703
3	13500	0.038072	13500	0.043395
3	13875	0.038999	13875	0.043952
3	14250	0.036606	14250	0.042674
3	14625	0.037343	14625	0.041976
3	15000	0.035976	15000	0.039713
3	15375	0.035922	15375	0.041950
3	15750	0.034893	15750	0.043865
3	16125	0.034331	16125	0.043093
3	16500	0.033365	16500	0.053004
3	16875	0.033635	16875	0.041389
3	17250	0.031132	17250	0.039411
3	17625	0.032091	17625	0.041855
3	18000	0.030711	18000	0.044610
3	18375	0.030743	18375	0.041289
3	18750	0.030572	18750	0.037030
4	375	1.502122	375	0.432802
4	750	0.352578	750	0.255639
4	1125	0.233667	1125	0.184822
4	1500	0.182433	1500	0.144248
4	1875	0.150401	1875	0.122071
4	2250	0.129643	2250	0.116399
4	2625	0.115907	2625	0.121862
4	3000	0.107699	3000	0.098175
4	3375	0.097920	3375	0.085023
4	3750	0.092654	3750	0.077709
4	4125	0.084763	4125	0.074264
4	4500	0.079832	4500	0.090516
4	4875	0.076067	4875	0.069094
4	5250	0.072179	5250	0.065001
4	5625	0.069601	5625	0.064689
4	6000	0.065639	6000	0.073227
4	6375	0.060824	6375	0.066644
4	6750	0.059036	6750	0.056156
4	7125	0.057958	7125	0.077219
4	7500	0.055643	7500	0.064007
4	7875	0.053287	7875	0.056341
4	8250	0.050958	8250	0.052958
4	8625	0.049429	8625	0.051713
4	9000	0.047875	9000	0.053161
4	9375	0.047478	9375	0.053498
4	9750	0.045727	9750	0.051622
4	10125	0.045051	10125	0.046330
4	10500	0.042861	10500	0.047540
4	10875	0.039569	10875	0.051497
4	11250	0.041577	11250	0.052128
4	11625	0.039011	11625	0.046013
4	12000	0.039750	12000	0.044511
4	12375	0.037750	12375	0.049431
4	12750	0.036220	12750	0.041278
4	13125	0.036293	13125	0.043202
4	13500	0.035310	13500	0.047318
4	13875	0.035292	13875	0.051535
4	14250	0.034948	14250	0.046082
4	14625	0.032937	14625	0.045650
4	15000	0.031797	15000	0.039031
4	15375	0.031572	15375	0.043330
4	15750	0.031502	15750	0.042378
4	16125	0.030153	16125	0.041225
4	16500	0.030911	16500	0.038588
4	16875	0.030237	16875	0.041401
4	17250	0.030306	17250	0.036543
4	17625	0.028946	17625	0.041346
4	18000	0.028724	18000	0.037348
4	18375	0.027472	18375	0.039324
4	18750	0.027872	18750	0.039587
