GlobalRnd ClientID LocEpoch   Accuracy         LR       Loss   GradNorm
       1        0        1    94.8337   0.019033   0.492887   0.000000
       1        1        1    94.3743   0.065795   0.413936   0.000000
       1        2        1    85.9344   0.018632   0.579830   0.000000
       2        0        1    96.2044   0.033987   0.276405   0.000000
       2        1        1    92.0428   0.065795   0.214252   0.000000
       2        2        1    88.8662   0.018632   0.383721   0.000000
       3        0        1    97.4290   0.060691   0.158023   0.000000
       3        1        1    97.8087   0.065795   0.137426   0.000000
       3        2        1    96.5637   0.018632   0.215042   0.000000
       4        0        1    96.0422   0.108376   0.109302   0.000000
       4        1        1    98.1473   0.065795   0.104970   0.000000
       4        2        1    96.7205   0.033271   0.205921   0.000000
       5        0        1    98.2603   0.060691   0.093251   0.000000
       5        1        1    97.1751   0.065795   0.080883   0.000000
       5        2        1    97.5046   0.033271   0.143281   0.000000
       6        0        1    98.0535   0.108376   0.086218   0.000000
       6        1        1    98.7665   0.117490   0.072134   0.000000
       6        2        1    96.2705   0.033271   0.158958   0.000000
       7        0        1    94.9148   0.108376   0.073888   0.000000
       7        1        1    98.8536   0.065795   0.066675   0.000000
       7        2        1    98.4932   0.059413   0.105808   0.000000
       8        0        1    98.4590   0.108376   0.067696   0.000000
       8        1        1    98.9455   0.117490   0.061353   0.000000
       8        2        1    98.0023   0.106094   0.077716   0.000000
       9        0        1    98.8200   0.193529   0.058299   0.000000
       9        1        1    98.9697   0.209804   0.052038   0.000000
       9        2        1    97.8455   0.033271   0.079700   0.000000
      10        0        1    99.0876   0.108376   0.049596   0.000000
      10        1        1    99.2938   0.117490   0.045595   0.000000
      10        2        1    99.0046   0.106094   0.064613   0.000000
      11        0        1    98.8686   0.108376   0.049994   0.000000
      11        1        1    99.1148   0.209804   0.045161   0.000000
      11        2        1    98.7864   0.189454   0.053745   0.000000
      12        0        1    99.0876   0.108376   0.042001   0.000000
      12        1        1    98.8874   0.374650   0.038664   0.000000
      12        2        1    99.2227   0.106094   0.052767   0.000000
      13        0        1    98.2563   0.345588   0.044062   0.000000
      13        1        1    99.2115   0.117490   0.036325   0.000000
      13        2        1    99.1614   0.106094   0.052240   0.000000
      14        0        1    99.3593   0.193529   0.034270   0.000000
      14        1        1    99.2938   0.117490   0.034609   0.000000
      14        2        1    99.2909   0.106094   0.049160   0.000000
      15        0        1    99.4039   0.193529   0.033275   0.000000
      15        1        1    99.3373   0.374650   0.036781   0.000000
      15        2        1    99.3182   0.189454   0.042669   0.000000
      16        0        1    99.1646   0.108376   0.034435   0.000000
      16        1        1    99.3083   0.117490   0.032578   0.000000
      16        2        1    99.2841   0.189454   0.039485   0.000000
      17        0        1    99.1525   0.108376   0.029212   0.000000
      17        1        1    99.5260   0.117490   0.028765   0.000000
      17        2        1    99.2773   0.106094   0.042518   0.000000
      18        0        1    99.4282   0.193529   0.024293   0.000000
      18        1        1    99.4873   0.209804   0.031172   0.000000
      18        2        1    99.4750   0.106094   0.035012   0.000000
      19        0        1    99.5296   0.193529   0.025726   0.000000
      19        1        1    99.5840   0.117490   0.021647   0.000000
      19        2        1    99.4205   0.106094   0.030347   0.000000
      20        0        1    99.5337   0.345588   0.023498   0.000000
      20        1        1    99.5114   0.209804   0.023301   0.000000
      20        2        1    99.3318   0.106094   0.026393   0.000000
      21        0        1    99.3268   0.108376   0.019096   0.000000
      21        1        1    98.2102   0.065795   0.021235   0.000000
      21        2        1    99.4750   0.189454   0.031090   0.000000
      22        0        1    99.4485   0.193529   0.022149   0.000000
      22        1        1    99.6130   0.117490   0.023649   0.000000
      22        2        1    99.3455   0.106094   0.031084   0.000000
      23        0        1    99.0957   0.108376   0.018679   0.000000
      23        1        1    99.5743   0.117490   0.024098   0.000000
      23        2        1    99.4341   0.106094   0.026806   0.000000
      24        0        1    99.5134   0.193529   0.020082   0.000000
      24        1        1    99.3518   0.036845   0.023086   0.000000
      24        2        1    99.5841   0.106094   0.030008   0.000000
      25        0        1    99.5174   0.108376   0.016897   0.000000
      25        1        1    99.6372   0.374650   0.021807   0.000000
      25        2        1    99.5296   0.059413   0.023933   0.000000
      26        0        1    99.6188   0.193529   0.016104   0.000000
      26        1        1    99.6517   0.117490   0.020009   0.000000
      26        2        1    99.4341   0.106094   0.028333   0.000000
      27        0        1    99.6634   0.345588   0.016757   0.000000
      27        1        1    99.6517   0.117490   0.019807   0.000000
      27        2        1    99.1341   0.059413   0.023506   0.000000
      28        0        1    99.6269   0.193529   0.016763   0.000000
      28        1        1    99.5646   0.117490   0.020616   0.000000
      28        2        1    99.5773   0.033271   0.027430   0.000000
      29        0        1    99.3715   0.108376   0.016528   0.000000
      29        1        1    99.6856   0.374650   0.017859   0.000000
      29        2        1    99.5705   0.189454   0.028660   0.000000
      30        0        1    99.6472   0.193529   0.015200   0.000000
      30        1        1    99.6372   0.209804   0.018254   0.000000
      30        2        1    99.6182   0.338310   0.023832   0.000000
      31        0        1    99.6269   0.108376   0.016696   0.000000
      31        1        1    99.6711   0.209804   0.020405   0.000000
      31        2        1    99.6523   0.106094   0.018526   0.000000
      32        0        1    99.6350   0.345588   0.015570   0.000000
      32        1        1    99.6275   0.065795   0.016296   0.000000
      32        2        1    99.5500   0.189454   0.020687   0.000000
      33        0        1    99.6959   0.060691   0.014831   0.000000
      33        1        1    99.6420   0.117490   0.021878   0.000000
      33        2        1    99.6182   0.338310   0.022638   0.000000
      34        0        1    99.6067   0.193529   0.014264   0.000000
      34        1        1    99.6420   0.374650   0.016479   0.000000
      34        2        1    98.5069   0.059413   0.017643   0.000000
      35        0        1    99.6796   0.193529   0.012566   0.000000
      35        1        1    99.5550   0.209804   0.017224   0.000000
      35        2        1    99.6591   0.338310   0.020865   0.000000
      36        0        1    99.7040   0.345588   0.013910   0.000000
      36        1        1    99.6469   0.065795   0.015092   0.000000
      36        2        1    99.5500   0.106094   0.023133   0.000000
      37        0        1    99.6837   0.193529   0.011770   0.000000
      37        1        1    99.6372   0.117490   0.014554   0.000000
      37        2        1    99.6796   0.189454   0.022794   0.000000
      38        0        1    99.7161   0.193529   0.012273   0.000000
      38        1        1    99.6614   0.117490   0.020091   0.000000
      38        2        1    99.3864   0.059413   0.021311   0.000000
      39        0        1    99.7405   0.193529   0.010334   0.000000
      39        1        1    99.5840   0.209804   0.021649   0.000000
      39        2        1    99.6386   0.106094   0.018907   0.000000
      40        0        1    99.7202   0.345588   0.015017   0.000000
      40        1        1    99.6953   0.209804   0.014678   0.000000
      40        2        1    99.3046   0.059413   0.016365   0.000000
      41        0        1    99.6026   0.345588   0.009353   0.000000
      41        1        1    99.7194   0.209804   0.012180   0.000000
      41        2        1    99.6318   0.106094   0.016215   0.000000
      42        0        1    99.6553   1.102004   0.011279   0.000000
      42        1        1    99.6566   0.374650   0.014964   0.000000
      42        2        1    99.7136   0.106094   0.021713   0.000000
      43        0        1    99.7445   0.193529   0.011873   0.000000
      43        1        1    99.6517   0.065795   0.015053   0.000000
      43        2        1    99.6182   0.338310   0.022090   0.000000
      44        0        1    99.6796   0.617122   0.011986   0.000000
      44        1        1    99.7388   0.117490   0.013388   0.000000
      44        2        1    99.6523   0.338310   0.014384   0.000000
      45        0        1    99.7121   0.108376   0.010671   0.000000
      45        1        1    99.7049   0.669018   0.017407   0.000000
      45        2        1    99.6250   0.106094   0.018307   0.000000
      46        0        1    99.6999   0.345588   0.011053   0.000000
      46        1        1    99.6372   0.209804   0.015044   0.000000
      46        2        1    99.6591   0.338310   0.020815   0.000000
      47        0        1    99.6391   0.060691   0.013292   0.000000
      47        1        1    99.7291   0.374650   0.018878   0.000000
      47        2        1    99.5909   0.106094   0.017667   0.000000
      48        0        1    99.6918   0.060691   0.010833   0.000000
      48        1        1    99.7194   0.669018   0.012859   0.000000
      48        2        1    99.6932   0.189454   0.028298   0.000000
      49        0        1    99.6391   0.193529   0.012723   0.000000
      49        1        1    99.6614   0.209804   0.018472   0.000000
      49        2        1    99.6932   0.189454   0.017097   0.000000
      50        0        1    99.7364   0.193529   0.012258   0.000000
      50        1        1    99.7146   0.036845   0.016986   0.000000
      50        2        1    99.6932   0.106094   0.020321   0.000000
      51        0        1    99.7526   0.345588   0.010342   0.000000
      51        1        1    99.7291   0.209804   0.014997   0.000000
      51        2        1    99.6591   0.338310   0.017842   0.000000
      52        0        1    99.6918   0.108376   0.014517   0.000000
      52        1        1    99.6759   0.117490   0.013607   0.000000
      52        2        1    99.6659   1.078796   0.015806   0.000000
      53        0        1    99.7242   0.108376   0.014586   0.000000
      53        1        1    99.6420   0.669018   0.019455   0.000000
      53        2        1    99.6932   0.106094   0.021734   0.000000
      54        0        1    99.6756   0.193529   0.010220   0.000000
      54        1        1    99.6904   0.117490   0.013508   0.000000
      54        2        1    99.7136   0.106094   0.017798   0.000000
      55        0        1    99.7040   0.193529   0.010558   0.000000
      55        1        1    99.7146   0.374650   0.014656   0.000000
      55        2        1    99.7614   0.189454   0.017646   0.000000
      56        0        1    99.7242   0.617122   0.010435   0.000000
      56        1        1    99.7194   0.209804   0.013175   0.000000
      56        2        1    99.7205   1.078796   0.016026   0.000000
      57        0        1    99.7445   1.102004   0.009651   0.000000
      57        1        1    99.7291   0.065795   0.016093   0.000000
      57        2        1    99.6455   0.189454   0.014341   0.000000
      58        0        1    99.6918   0.193529   0.010859   0.000000
      58        1        1    99.7872   0.117490   0.013483   0.000000
      58        2        1    99.6864   0.059413   0.016239   0.000000
      59        0        1    99.7121   1.102004   0.009936   0.000000
      59        1        1    99.7388   0.374650   0.013358   0.000000
      59        2        1    99.6727   0.106094   0.020032   0.000000
      60        0        1    99.7486   0.617122   0.012391   0.000000
      60        1        1    99.7485   0.036845   0.024098   0.000000
      60        2        1    99.6796   0.106094   0.013174   0.000000
      61        0        1    99.7405   0.345588   0.009598   0.000000
      61        1        1    99.7049   0.669018   0.014007   0.000000
      61        2        1    99.6386   0.106094   0.016663   0.000000
      62        0        1    99.7486   0.108376   0.013509   0.000000
      62        1        1    99.6807   0.374650   0.015218   0.000000
      62        2        1    99.7068   0.059413   0.014948   0.000000
      63        0        1    99.7283   0.193529   0.011359   0.000000
      63        1        1    99.7775   0.117490   0.011954   0.000000
      63        2        1    97.6751   0.033271   0.014202   0.000000
      64        0        1    99.7364   0.617122   0.011176   0.000000
      64        1        1    99.7436   0.374650   0.015653   0.000000
      64        2        1    99.5841   0.338310   0.026322   0.000000
      65        0        1    99.3390   0.033987   0.010597   0.000000
      65        1        1    99.7678   0.209804   0.013231   0.000000
      65        2        1    99.6796   0.189454   0.017951   0.000000
      66        0        1    99.7405   0.617122   0.010114   0.000000
      66        1        1    99.7291   0.669018   0.012735   0.000000
      66        2        1    99.6523   0.338310   0.017508   0.000000
      67        0        1    99.7202   1.102004   0.012687   0.000000
      67        1        1    99.5356   0.117490   0.013001   0.000000
      67        2        1    99.6523   0.189454   0.012954   0.000000
      68        0        1    99.7161   1.102004   0.010219   0.000000
      68        1        1    99.7194   1.194674   0.018781   0.000000
      68        2        1    99.7273   0.189454   0.016572   0.000000
      69        0        1    99.7283   0.345588   0.012483   0.000000
      69        1        1    99.7727   0.117490   0.011624   0.000000
      69        2        1    99.6932   1.926422   0.015885   0.000000
      70        0        1    99.7202   0.345588   0.011206   0.000000
      70        1        1    99.6614   0.036845   0.017746   0.000000
      70        2        1    99.7068   0.604126   0.013323   0.000000
      71        0        1    99.7242   0.345588   0.012266   0.000000
      71        1        1    99.7388   0.209804   0.013566   0.000000
      71        2        1    99.6932   0.106094   0.015494   0.000000
      72        0        1    99.7364   0.193529   0.009120   0.000000
      72        1        1    99.7581   0.117490   0.016238   0.000000
      72        2        1    99.6932   0.338310   0.019491   0.000000
      73        0        1    99.7567   0.193529   0.008759   0.000000
      73        1        1    99.7436   0.669018   0.019153   0.000000
      73        2        1    99.6114   0.106094   0.016853   0.000000
      74        0        1    99.6634   0.019033   0.010961   0.000000
      74        1        1    99.7727   1.194674   0.012990   0.000000
      74        2        1    99.7409   0.604126   0.011821   0.000000
      75        0        1    99.7202   0.060691   0.011140   0.000000
      75        1        1    99.7146   0.374650   0.016620   0.000000
      75        2        1    99.7477   0.033271   0.013630   0.000000
      76        0        1    99.7810   0.617122   0.010112   0.000000
      76        1        1    99.7388   3.809548   0.012853   0.000000
      76        2        1    99.6796   0.106094   0.017852   0.000000
      77        0        1    99.7242   1.967864   0.008645   0.000000
      77        1        1    99.7291   0.669018   0.013881   0.000000
      77        2        1    99.7136   0.189454   0.012403   0.000000
      78        0        1    99.7486   0.617122   0.009242   0.000000
      78        1        1    99.7436   0.669018   0.012512   0.000000
      78        2        1    99.7614   0.604126   0.018703   0.000000
      79        0        1    99.7770   0.617122   0.010936   0.000000
      79        1        1    99.7340   1.194674   0.013691   0.000000
      79        2        1    99.7341   3.440038   0.012096   0.000000
      80        0        1    99.7283   1.967864   0.009734   0.000000
      80        1        1    99.7968   0.117490   0.013930   0.000000
      80        2        1    99.7068   0.604126   0.013320   0.000000
      81        0        1    99.7202   1.967864   0.012002   0.000000
      81        1        1    99.7581   0.669018   0.012749   0.000000
      81        2        1    99.6659   0.106094   0.018765   0.000000
      82        0        1    99.7607   0.617122   0.010840   0.000000
      82        1        1    99.7194   0.374650   0.017996   0.000000
      82        2        1    99.6864   0.338310   0.013252   0.000000
      83        0        1    99.7364   0.108376   0.013691   0.000000
      83        1        1    99.7533   0.036845   0.010168   0.000000
      83        2        1    99.7205   0.338310   0.021244   0.000000
      84        0        1    99.7891   0.617122   0.010683   0.000000
      84        1        1    99.7920   0.117490   0.013546   0.000000
      84        2        1    99.7341   0.338310   0.016663   0.000000
      85        0        1    99.7770   0.345588   0.009345   0.000000
      85        1        1    99.7775   0.209804   0.012026   0.000000
      85        2        1    99.7409   0.604126   0.013726   0.000000
      86        0        1    99.7567   0.193529   0.009962   0.000000
      86        1        1    99.7049   1.140004   0.012552   0.000000
      86        2        1    99.7477   0.189454   0.018417   0.000000
      87        0        1    99.7405   0.193529   0.008812   0.000000
      87        1        1    99.7340   0.065795   0.012172   0.000000
      87        2        1    99.7409   0.338310   0.015606   0.000000
      88        0        1    99.7364   1.102004   0.009809   0.000000
      88        1        1    99.7678   0.374650   0.011384   0.000000
      88        2        1    99.7273   1.926422   0.010663   0.000000
      89        0        1    99.7932   0.617122   0.011924   0.000000
      89        1        1    99.7243   1.194674   0.015000   0.000000
      89        2        1    99.7409   1.078796   0.012591   0.000000
      90        0        1    99.7891   0.108376   0.009997   0.000000
      90        1        1    99.7727   0.117490   0.012555   0.000000
      90        2        1    99.6932   0.189454   0.014239   0.000000
      91        0        1    99.8054   0.617122   0.011552   0.000000
      91        1        1    99.7823   0.117490   0.013073   0.000000
      91        2        1    99.7341   0.059413   0.018106   0.000000
      92        0        1    99.7526   0.108376   0.008603   0.000000
      92        1        1    99.7388   0.117490   0.013306   0.000000
      92        2        1    99.7682   0.106094   0.012298   0.000000
      93        0        1    99.7729   0.617122   0.008392   0.000000
      93        1        1    99.7098   0.036845   0.014564   0.000000
      93        2        1    99.7409   1.078796   0.012945   0.000000
      94        0        1    99.7810   0.193529   0.008989   0.000000
      94        1        1    98.6746   0.065795   0.014806   0.000000
      94        2        1    99.7614   0.604126   0.013186   0.000000
      95        0        1    99.7648   0.617122   0.012434   0.000000
      95        1        1    99.7243   0.117490   0.019224   0.000000
      95        2        1    99.7273   0.604126   0.011102   0.000000
      96        0        1    99.7891   0.617122   0.009235   0.000000
      96        1        1    99.7727   0.117490   0.012227   0.000000
      96        2        1    99.7341   1.078796   0.016489   0.000000
      97        0        1    99.7607   0.060691   0.010500   0.000000
      97        1        1    99.7485   0.117490   0.012455   0.000000
      97        2        1    99.7409   0.189454   0.013278   0.000000
      98        0        1    99.7810   0.617122   0.014137   0.000000
      98        1        1    99.7581   0.209804   0.013227   0.000000
      98        2        1    99.7341   1.078796   0.021083   0.000000
      99        0        1    99.7729   6.275075   0.010833   0.000000
      99        1        1    99.5985   0.011555   0.017665   0.000000
      99        2        1    99.7341   1.926422   0.013449   0.000000
     100        0        1    99.7648   6.275075   0.011012   0.000000
     100        1        1    99.7194   0.209804   0.010798   0.000000
     100        2        1    99.7409   1.926422   0.012571   0.000000
