GlobalRnd   ClientID  LocEpoch    Accuracy    LR          Loss        GradNorm    
1           0         1           9.8000      4.156613    0.235193    0.327908    
1           1         1           86.4000     0.169424    0.975482    2.989690    
1           2         1           86.8900     0.136395    1.045803    2.904170    
1           3         1           86.4600     0.154267    1.025910    3.028482    
1           4         1           73.4400     0.138596    1.118568    3.152534    
1           5         1           83.7800     0.129518    1.081500    3.283301    
1           6         1           85.9300     0.137333    1.102520    3.148695    
1           7         1           82.2500     0.127794    1.106823    3.165267    
1           8         1           52.8000     0.169542    1.071413    3.277231    
1           9         1           86.9300     0.143859    1.068225    3.232973    
2           0         1           81.2700     2.111702    0.179966    3.332259    
2           1         1           91.0800     0.037953    0.442096    3.270632    
2           2         1           90.0300     0.036065    0.452047    3.380689    
2           3         1           88.8100     0.038059    0.466588    3.312913    
2           4         1           91.4500     0.037862    0.459690    3.447343    
2           5         1           90.0300     0.037646    0.449156    3.440897    
2           6         1           68.3700     0.038552    0.480123    3.403849    
2           7         1           91.4200     0.044522    0.464719    3.285537    
2           8         1           89.2000     0.040689    0.451080    3.333829    
2           9         1           87.7100     0.035852    0.435812    3.360013    
3           0         1           76.9200     0.096427    0.085344    2.065454    
3           1         1           85.8700     0.048643    0.314181    2.854571    
3           2         1           82.9000     0.053409    0.327414    2.838163    
3           3         1           93.5100     0.049873    0.347444    3.008285    
3           4         1           89.7300     0.060878    0.348280    2.862026    
3           5         1           89.7100     0.055455    0.340889    2.953291    
3           6         1           90.1800     0.051737    0.353830    3.022285    
3           7         1           93.1800     0.051742    0.318568    2.723451    
3           8         1           88.5900     0.055178    0.322847    2.756099    
3           9         1           91.3900     0.050655    0.325036    2.949735    
4           0         1           82.1800     0.180044    0.025481    0.739571    
4           1         1           94.3900     0.066410    0.272534    2.580793    
4           2         1           92.6500     0.065159    0.266135    2.498346    
4           3         1           93.1500     0.061790    0.271721    2.520162    
4           4         1           94.8400     0.073856    0.264271    2.363015    
4           5         1           93.4300     0.068585    0.256793    2.470109    
4           6         1           93.6400     0.075132    0.280666    2.442828    
4           7         1           90.6300     0.064465    0.266227    2.485037    
4           8         1           93.8000     0.066152    0.263268    2.497782    
4           9         1           93.6600     0.066424    0.267263    2.575581    
5           0         1           82.3500     0.376341    0.009915    0.319598    
5           1         1           91.7100     0.085462    0.233106    2.366734    
5           2         1           94.8600     0.094426    0.238804    2.252867    
5           3         1           95.3800     0.076881    0.223544    2.202203    
5           4         1           95.8300     0.080324    0.226533    2.309860    
5           5         1           94.1800     0.088355    0.229334    2.301584    
5           6         1           95.1600     0.082778    0.244229    2.392728    
5           7         1           95.3600     0.082872    0.229428    2.245779    
5           8         1           94.9600     0.093097    0.241461    2.288692    
5           9         1           93.5900     0.084697    0.214034    2.126566    
6           0         1           89.4200     0.332085    0.022717    0.578564    
6           1         1           94.1700     0.095643    0.192727    2.077835    
6           2         1           95.6600     0.083027    0.182994    2.041785    
6           3         1           96.0500     0.086249    0.193220    2.112111    
6           4         1           95.4100     0.093457    0.201154    2.179468    
6           5         1           93.6200     0.094581    0.181958    2.075603    
6           6         1           94.8700     0.092380    0.202246    2.085496    
6           7         1           95.1000     0.093872    0.196453    2.035083    
6           8         1           94.2900     0.084730    0.203271    2.190333    
6           9         1           93.4400     0.101867    0.190587    1.976702    
7           0         1           92.0700     0.304160    0.016412    0.484094    
7           1         1           95.5400     0.117464    0.176316    1.904247    
7           2         1           96.1500     0.096682    0.162356    1.862554    
7           3         1           90.3400     0.112957    0.183324    2.023372    
7           4         1           95.2100     0.107868    0.185613    2.066762    
7           5         1           96.1700     0.099228    0.164908    1.878109    
7           6         1           93.8400     0.095385    0.205733    2.270552    
7           7         1           96.4100     0.099640    0.175708    1.942384    
7           8         1           95.8900     0.105749    0.178214    1.923879    
7           9         1           95.8000     0.105716    0.171020    1.911836    
8           0         1           94.9500     0.198191    0.020899    0.643500    
8           1         1           96.7000     0.119667    0.163575    1.828422    
8           2         1           93.1000     0.120936    0.154134    1.800074    
8           3         1           96.4300     0.116916    0.167079    1.797881    
8           4         1           95.8300     0.120510    0.154918    1.737248    
8           5         1           96.6700     0.114262    0.155445    1.848154    
8           6         1           95.9000     0.110779    0.161742    1.864019    
8           7         1           92.3100     0.115524    0.161174    1.789008    
8           8         1           95.7500     0.110768    0.160629    1.848771    
8           9         1           96.2200     0.123533    0.152871    1.801629    
9           0         1           92.7300     1.152778    0.001849    0.064303    
9           1         1           95.6000     0.140671    0.149081    1.590390    
9           2         1           96.9200     0.128766    0.153769    1.675292    
9           3         1           96.9500     0.122902    0.130692    1.620598    
9           4         1           96.4500     0.136904    0.137049    1.582240    
9           5         1           96.4700     0.125660    0.137930    1.681644    
9           6         1           91.9000     0.136898    0.148084    1.664345    
9           7         1           96.4800     0.125799    0.149589    1.752556    
9           8         1           96.1600     0.127175    0.143412    1.694960    
9           9         1           95.8500     0.128112    0.129630    1.615303    
10          0         1           96.9000     0.652845    0.015383    0.561674    
10          1         1           96.5500     0.140627    0.130994    1.596908    
10          2         1           94.6700     0.128839    0.138639    1.674216    
10          3         1           95.9400     0.137358    0.145721    1.723468    
10          4         1           95.7100     0.133287    0.119391    1.508149    
10          5         1           94.7900     0.120760    0.133112    1.762175    
10          6         1           96.5100     0.133325    0.120889    1.477581    
10          7         1           96.2300     0.132591    0.134585    1.646736    
10          8         1           96.5400     0.143745    0.147862    1.706179    
10          9         1           97.1800     0.129398    0.116841    1.522161    
11          0         1           94.8800     0.646566    0.002126    0.087284    
11          1         1           96.8600     0.147145    0.116468    1.427109    
11          2         1           96.5300     0.142569    0.129946    1.561792    
11          3         1           94.6400     0.135032    0.119721    1.526159    
11          4         1           94.6100     0.148874    0.115567    1.476369    
11          5         1           97.1900     0.141579    0.124143    1.581885    
11          6         1           96.7900     0.136016    0.113878    1.460450    
11          7         1           97.2100     0.139561    0.115236    1.429167    
11          8         1           96.5100     0.166587    0.132648    1.516502    
11          9         1           96.8800     0.140710    0.114588    1.511320    
12          0         1           95.1400     1.509822    0.002429    0.093181    
12          1         1           96.9800     0.167888    0.119087    1.404625    
12          2         1           97.0000     0.145394    0.132266    1.636909    
12          3         1           97.1100     0.143416    0.115284    1.442132    
12          4         1           97.5500     0.146956    0.108187    1.457985    
12          5         1           97.4800     0.133340    0.102383    1.467053    
12          6         1           97.3800     0.143268    0.105656    1.421272    
12          7         1           95.7700     0.147207    0.122092    1.483060    
12          8         1           96.3200     0.140257    0.115611    1.467441    
12          9         1           94.4200     0.145131    0.106938    1.467626    
13          0         1           96.5200     0.786377    0.005047    0.187332    
13          1         1           95.3400     0.160381    0.115798    1.415474    
13          2         1           97.4800     0.152858    0.112102    1.448862    
13          3         1           93.4400     0.158068    0.108786    1.382046    
13          4         1           97.1900     0.150462    0.097222    1.342331    
13          5         1           97.4200     0.156380    0.101165    1.418177    
13          6         1           96.8100     0.144643    0.099211    1.370097    
13          7         1           97.0300     0.162454    0.105597    1.344223    
13          8         1           97.3700     0.159351    0.120651    1.502785    
13          9         1           97.2700     0.139729    0.112746    1.616466    
14          0         1           96.4100     1.358192    0.006356    0.198709    
14          1         1           95.8500     0.177660    0.117225    1.465524    
14          2         1           97.0700     0.152100    0.098029    1.307356    
14          3         1           96.5100     0.163573    0.097937    1.404648    
14          4         1           97.5700     0.169930    0.099911    1.299319    
14          5         1           97.2200     0.174977    0.111532    1.421677    
14          6         1           97.2100     0.155879    0.107227    1.434662    
14          7         1           96.2000     0.165793    0.101773    1.359759    
14          8         1           96.4700     0.155924    0.105981    1.426152    
14          9         1           95.4100     0.156835    0.090419    1.340370    
15          0         1           97.5900     0.925969    0.005612    0.208757    
15          1         1           96.4700     0.174925    0.096498    1.271399    
15          2         1           97.6900     0.182007    0.097660    1.260068    
15          3         1           97.0400     0.154098    0.093495    1.339505    
15          4         1           97.4100     0.171457    0.093227    1.296213    
15          5         1           97.3500     0.157592    0.096304    1.329597    
15          6         1           97.5600     0.176717    0.089106    1.257004    
15          7         1           97.6000     0.157079    0.115048    1.426043    
15          8         1           96.9200     0.148269    0.091150    1.336064    
15          9         1           97.8700     0.152465    0.090385    1.390339    
16          0         1           97.4800     1.319011    0.001224    0.050181    
16          1         1           95.8000     0.179451    0.097968    1.256490    
16          2         1           95.9900     0.168822    0.087943    1.236352    
16          3         1           97.6300     0.160179    0.086691    1.246944    
16          4         1           97.6200     0.179068    0.097546    1.326071    
16          5         1           97.7000     0.180918    0.096122    1.281324    
16          6         1           96.4500     0.176077    0.090130    1.271965    
16          7         1           98.0000     0.172217    0.102932    1.325675    
16          8         1           98.0000     0.148354    0.086251    1.334431    
16          9         1           97.6400     0.159190    0.086824    1.298277    
17          0         1           97.1800     2.061295    0.003538    0.118946    
17          1         1           97.5200     0.186776    0.081407    1.131046    
17          2         1           98.1300     0.168491    0.079141    1.204324    
17          3         1           98.0100     0.166676    0.085958    1.212955    
17          4         1           97.1200     0.164380    0.075042    1.164676    
17          5         1           96.6100     0.170860    0.088190    1.293367    
17          6         1           97.9700     0.165819    0.074603    1.164531    
17          7         1           96.9100     0.175276    0.082819    1.170999    
17          8         1           97.7100     0.158886    0.085400    1.277979    
17          9         1           97.8800     0.186582    0.077235    1.158372    
18          0         1           96.7700     3.261426    0.002302    0.094209    
18          1         1           95.4300     0.186376    0.096269    1.332644    
18          2         1           97.7500     0.179786    0.084480    1.179854    
18          3         1           97.9100     0.165328    0.079362    1.220402    
18          4         1           97.9600     0.187833    0.074240    1.113706    
18          5         1           95.9800     0.178313    0.092135    1.294629    
18          6         1           97.3600     0.175444    0.085229    1.244856    
18          7         1           96.5300     0.181542    0.096411    1.279366    
18          8         1           97.7600     0.174914    0.077953    1.146569    
18          9         1           97.3500     0.161437    0.076715    1.216988    
19          0         1           98.3300     1.605288    0.006463    0.225745    
19          1         1           95.6800     0.196141    0.088838    1.198542    
19          2         1           97.7100     0.176225    0.072858    1.079359    
19          3         1           96.0100     0.185412    0.075238    1.193446    
19          4         1           97.5400     0.181830    0.070260    1.143248    
19          5         1           97.4400     0.179859    0.077244    1.139138    
19          6         1           97.3200     0.178851    0.071590    1.106760    
19          7         1           98.0200     0.181366    0.076186    1.081513    
19          8         1           97.9100     0.179957    0.082761    1.166643    
19          9         1           97.3000     0.176394    0.074808    1.222247    
20          0         1           97.7400     1.398763    0.001909    0.068259    
20          1         1           97.2600     0.208336    0.079001    1.111356    
20          2         1           95.2800     0.190262    0.079750    1.172410    
20          3         1           97.5600     0.172880    0.077147    1.212936    
20          4         1           98.2800     0.176980    0.061714    0.997723    
20          5         1           98.0900     0.176097    0.079448    1.182019    
20          6         1           97.8500     0.178920    0.062461    1.081930    
20          7         1           97.4900     0.184672    0.086480    1.260620    
20          8         1           98.0700     0.175442    0.085162    1.313723    
20          9         1           95.7800     0.189059    0.068568    1.108864    
21          0         1           97.7800     2.505903    0.002064    0.080143    
21          1         1           97.2700     0.183422    0.083190    1.174502    
21          2         1           97.6800     0.198529    0.082843    1.145709    
21          3         1           98.2300     0.176670    0.062552    1.052842    
21          4         1           97.4600     0.209680    0.071510    1.025209    
21          5         1           97.9700     0.202572    0.075389    1.080275    
21          6         1           97.7500     0.186721    0.060528    1.014364    
21          7         1           98.0300     0.169429    0.071856    1.110686    
21          8         1           97.7400     0.166562    0.070403    1.105956    
21          9         1           98.1400     0.181543    0.066618    1.118337    
22          0         1           97.9700     1.878824    0.002819    0.110406    
22          1         1           98.1700     0.196632    0.074526    1.052383    
22          2         1           97.4400     0.185390    0.079986    1.201769    
22          3         1           98.1500     0.173388    0.063129    1.073156    
22          4         1           98.1600     0.179601    0.056822    0.990547    
22          5         1           97.5100     0.202761    0.077801    1.131166    
22          6         1           97.3700     0.173868    0.057761    1.053094    
22          7         1           95.5200     0.195703    0.081362    1.139988    
22          8         1           98.1100     0.177294    0.066334    1.068928    
22          9         1           97.6100     0.185008    0.061519    1.075339    
23          0         1           97.4500     3.508061    0.001524    0.054438    
23          1         1           98.0200     0.208081    0.077997    1.113602    
23          2         1           97.3900     0.180676    0.067509    1.080492    
23          3         1           98.1100     0.176745    0.069434    1.206354    
23          4         1           98.1400     0.188188    0.057440    1.007229    
23          5         1           97.9500     0.188918    0.071431    1.103007    
23          6         1           97.5900     0.186568    0.060889    1.050427    
23          7         1           97.8700     0.207163    0.068150    1.061289    
23          8         1           97.5300     0.168263    0.061131    1.023257    
23          9         1           98.2900     0.169888    0.053886    0.953927    
24          0         1           98.0000     2.814508    0.001313    0.058473    
24          1         1           98.2700     0.192463    0.074615    1.107742    
24          2         1           98.1700     0.182853    0.059172    0.999853    
24          3         1           98.1600     0.175328    0.065607    1.078429    
24          4         1           93.7600     0.178328    0.059362    0.988111    
24          5         1           97.1800     0.195529    0.063506    1.021335    
24          6         1           97.9200     0.169117    0.060803    1.072740    
24          7         1           97.9700     0.176558    0.071529    1.096068    
24          8         1           98.2800     0.190237    0.066675    1.028512    
24          9         1           98.2200     0.177351    0.058843    0.991298    
25          0         1           97.6800     3.149091    0.000725    0.035613    
25          1         1           98.0200     0.196007    0.059418    0.952602    
25          2         1           98.2500     0.183148    0.052184    0.910642    
25          3         1           97.3900     0.179338    0.051989    0.922320    
25          4         1           97.8700     0.178806    0.055481    0.970590    
25          5         1           97.9400     0.196921    0.071178    1.136856    
25          6         1           98.2300     0.193816    0.051871    0.908172    
25          7         1           97.8900     0.196751    0.069376    1.078614    
25          8         1           96.5400     0.185637    0.055310    0.994726    
25          9         1           97.7700     0.175661    0.054493    0.992943    
26          0         1           98.0800     3.440294    0.001299    0.051854    
26          1         1           96.4900     0.217130    0.064726    0.957709    
26          2         1           98.3300     0.192326    0.060780    1.003044    
26          3         1           98.2400     0.164587    0.054444    1.021513    
26          4         1           98.0200     0.184872    0.050257    0.912455    
26          5         1           98.4600     0.187229    0.069189    1.050322    
26          6         1           98.2100     0.190665    0.053034    0.955756    
26          7         1           97.7400     0.174809    0.058178    0.938327    
26          8         1           98.4800     0.178319    0.048102    0.853889    
26          9         1           97.9700     0.173492    0.052159    0.977834    
27          0         1           98.3100     1.714925    0.002742    0.109779    
27          1         1           97.6700     0.197283    0.057905    0.923644    
27          2         1           97.9900     0.191039    0.053364    0.988760    
27          3         1           97.4300     0.203992    0.060893    1.030016    
27          4         1           98.2800     0.180923    0.044848    0.897470    
27          5         1           98.1300     0.197265    0.057481    0.936495    
27          6         1           97.8100     0.179736    0.049081    0.911101    
27          7         1           96.2700     0.178300    0.059794    1.004889    
27          8         1           98.2400     0.210129    0.059744    0.983044    
27          9         1           96.8000     0.177776    0.056290    1.047678    
28          0         1           97.7600     6.192964    0.000227    0.008527    
28          1         1           98.2800     0.199225    0.061617    1.044328    
28          2         1           97.8700     0.193028    0.054836    0.979317    
28          3         1           97.0800     0.177548    0.055515    1.017201    
28          4         1           98.3000     0.196280    0.052241    0.943517    
28          5         1           96.5900     0.197552    0.067415    1.046391    
28          6         1           97.5000     0.174124    0.057076    1.059160    
28          7         1           98.2000     0.208099    0.069996    1.079109    
28          8         1           98.3300     0.184613    0.056184    0.987916    
28          9         1           98.1700     0.191167    0.057245    0.990991    
29          0         1           98.4300     2.533643    0.001934    0.085848    
29          1         1           97.7200     0.201489    0.062345    1.020795    
29          2         1           98.4000     0.203522    0.054863    0.988343    
29          3         1           97.8200     0.187679    0.039577    0.839341    
29          4         1           97.9600     0.188449    0.043762    0.870750    
29          5         1           98.4000     0.203780    0.068456    1.073832    
29          6         1           98.5400     0.170778    0.040597    0.860332    
29          7         1           98.3900     0.195367    0.055841    0.965494    
29          8         1           95.9300     0.196381    0.052899    0.936633    
29          9         1           98.1800     0.173807    0.053441    0.997127    
30          0         1           97.8400     5.989410    0.000198    0.009564    
30          1         1           98.4400     0.191060    0.053516    0.956900    
30          2         1           98.4300     0.189993    0.046536    0.892686    
30          3         1           98.1900     0.176332    0.044658    0.913295    
30          4         1           98.4100     0.177385    0.050216    0.977351    
30          5         1           98.1300     0.212024    0.057619    0.925458    
30          6         1           98.3500     0.187943    0.046041    0.891296    
30          7         1           98.0500     0.203001    0.063519    1.012160    
30          8         1           97.7200     0.171867    0.052762    0.988460    
30          9         1           98.5000     0.184618    0.047392    0.929610    
31          0         1           97.6300     8.525156    0.000385    0.017783    
31          1         1           97.9400     0.212904    0.057514    0.909011    
31          2         1           98.3900     0.194774    0.046775    0.874028    
31          3         1           98.6000     0.180952    0.054533    0.967973    
31          4         1           98.0900     0.173392    0.037392    0.843601    
31          5         1           98.3600     0.189099    0.058572    1.006980    
31          6         1           97.6600     0.192603    0.037817    0.837489    
31          7         1           97.5700     0.196419    0.059753    0.983359    
31          8         1           98.5100     0.183424    0.047173    0.885006    
31          9         1           98.1400     0.179526    0.045044    0.935896    
32          0         1           97.7000     7.005012    0.000629    0.027322    
32          1         1           98.4500     0.217026    0.058026    0.924059    
32          2         1           98.4500     0.198906    0.046776    0.874376    
32          3         1           98.2800     0.169986    0.038300    0.856841    
32          4         1           98.3100     0.203905    0.036057    0.759941    
32          5         1           98.5500     0.210135    0.050437    0.878544    
32          6         1           98.3800     0.181875    0.044217    0.915045    
32          7         1           98.1500     0.197915    0.049367    0.894592    
32          8         1           98.6100     0.197869    0.041404    0.818494    
32          9         1           97.5800     0.161037    0.043993    0.994113    
33          0         1           98.0700     7.005012    0.000664    0.029578    
33          1         1           98.4900     0.191451    0.053153    0.930553    
33          2         1           97.9000     0.184657    0.045149    0.867400    
33          3         1           97.8700     0.182746    0.053554    0.992945    
33          4         1           98.4700     0.180973    0.037169    0.779593    
33          5         1           98.1400     0.176568    0.052146    0.968092    
33          6         1           98.0100     0.163499    0.043250    0.948501    
33          7         1           98.2000     0.185181    0.048113    0.941378    
33          8         1           97.1600     0.179182    0.045744    0.861877    
33          9         1           97.9500     0.178093    0.043221    0.913574    
34          0         1           97.9500     7.005012    0.000718    0.030114    
34          1         1           98.2800     0.190836    0.049843    0.894078    
34          2         1           98.3400     0.184743    0.043714    0.883010    
34          3         1           98.5900     0.178077    0.048967    0.978588    
34          4         1           98.4700     0.195585    0.037582    0.772944    
34          5         1           98.4300     0.193761    0.043930    0.840933    
34          6         1           97.8200     0.189026    0.034593    0.796366    
34          7         1           97.8900     0.182533    0.046333    0.848544    
34          8         1           97.5300     0.224779    0.053751    0.927926    
34          9         1           98.2200     0.196216    0.041883    0.955425    
35          0         1           98.1000     8.910156    0.000134    0.005914    
35          1         1           98.5200     0.169440    0.046425    0.918785    
35          2         1           98.5300     0.201681    0.035654    0.763340    
35          3         1           98.5700     0.186025    0.035955    0.794131    
35          4         1           98.5300     0.178471    0.034567    0.789626    
35          5         1           98.4900     0.207935    0.050281    0.898166    
35          6         1           98.7800     0.178653    0.033008    0.733708    
35          7         1           98.8200     0.188234    0.043789    0.853378    
35          8         1           98.4900     0.213082    0.049287    0.951519    
35          9         1           97.3600     0.177391    0.037931    0.843122    
36          0         1           98.3700     5.340794    0.000623    0.028941    
36          1         1           97.0400     0.194152    0.053849    0.960084    
36          2         1           98.5400     0.196543    0.036256    0.763578    
36          3         1           98.6800     0.167863    0.033568    0.770573    
36          4         1           97.7500     0.179461    0.032142    0.735537    
36          5         1           98.4300     0.194339    0.048671    0.938344    
36          6         1           98.6400     0.165637    0.038585    0.866112    
36          7         1           97.9600     0.180747    0.055783    1.026633    
36          8         1           98.4800     0.196830    0.042538    0.861023    
36          9         1           98.2400     0.165011    0.041504    0.906786    
37          0         1           98.2200     5.977104    0.000292    0.014126    
37          1         1           98.2300     0.193370    0.046917    0.830905    
37          2         1           98.4300     0.188817    0.041066    0.845773    
37          3         1           98.4600     0.171898    0.046297    0.975005    
37          4         1           98.5400     0.194522    0.034338    0.817101    
37          5         1           98.0000     0.170623    0.056371    1.051647    
37          6         1           98.7100     0.169188    0.041992    0.874659    
37          7         1           98.2100     0.171693    0.055369    0.994220    
37          8         1           97.9200     0.195104    0.042580    0.867996    
37          9         1           98.4500     0.175485    0.034088    0.794113    
38          0         1           98.5100     5.937870    0.000735    0.040385    
38          1         1           98.1200     0.194502    0.053566    0.956016    
38          2         1           98.4300     0.190194    0.035962    0.754630    
38          3         1           98.6200     0.204355    0.040584    0.802940    
38          4         1           98.4500     0.202082    0.030355    0.688398    
38          5         1           98.5400     0.157672    0.041024    0.902221    
38          6         1           98.7400     0.181120    0.029420    0.780469    
38          7         1           97.7400     0.195603    0.045274    0.877721    
38          8         1           98.6700     0.177901    0.039551    0.837422    
38          9         1           98.6000     0.200292    0.033047    0.747202    
39          0         1           98.4400     8.332480    0.000127    0.006603    
39          1         1           97.7900     0.175373    0.055677    1.010360    
39          2         1           98.5500     0.182724    0.034766    0.782573    
39          3         1           97.2800     0.151450    0.029611    0.795471    
39          4         1           98.5400     0.172485    0.028700    0.673759    
39          5         1           98.7500     0.211496    0.048034    0.889063    
39          6         1           98.2000     0.171626    0.030595    0.747142    
39          7         1           98.3400     0.176190    0.047653    0.924738    
39          8         1           98.7300     0.156184    0.034441    0.817605    
39          9         1           98.6700     0.182688    0.036093    0.797021    
40          0         1           98.5400     6.182982    0.000257    0.016641    
40          1         1           98.2200     0.181361    0.043286    0.864318    
40          2         1           98.3400     0.180751    0.042573    0.884244    
40          3         1           98.1300     0.168659    0.038382    0.896792    
40          4         1           98.5500     0.209031    0.028774    0.680394    
40          5         1           98.3400     0.197512    0.047058    0.869605    
40          6         1           98.4200     0.179626    0.033484    0.795906    
40          7         1           98.5100     0.165567    0.042661    0.931206    
40          8         1           98.5800     0.188906    0.041874    0.848556    
40          9         1           98.2900     0.144097    0.036932    0.901559    
41          0         1           98.1600     8.228722    0.000454    0.030502    
41          1         1           98.3700     0.181800    0.038872    0.817552    
41          2         1           98.5600     0.187937    0.036440    0.788760    
41          3         1           98.7200     0.177072    0.038633    0.881413    
41          4         1           98.6700     0.207238    0.023440    0.626530    
41          5         1           98.6800     0.193960    0.039293    0.785848    
41          6         1           98.5500     0.169836    0.029503    0.754534    
41          7         1           96.6900     0.173724    0.043184    0.886759    
41          8         1           98.5700     0.168782    0.037130    0.796936    
41          9         1           98.3700     0.163702    0.042291    0.912284    
42          0         1           98.7500     2.906719    0.001172    0.081059    
42          1         1           98.6200     0.169571    0.037980    0.856956    
42          2         1           98.2000     0.172726    0.041529    0.899806    
42          3         1           98.6000     0.188441    0.034366    0.793272    
42          4         1           98.6700     0.178606    0.035334    0.823255    
42          5         1           98.7100     0.165440    0.045007    0.895488    
42          6         1           98.6700     0.158424    0.031822    0.830862    
42          7         1           98.7000     0.177153    0.043140    0.838511    
42          8         1           98.5400     0.189014    0.039147    0.845095    
42          9         1           98.4800     0.170453    0.033738    0.795994    
43          0         1           98.3900     4.081348    0.000553    0.030519    
43          1         1           98.5400     0.192056    0.048326    0.939299    
43          2         1           98.1600     0.154998    0.031838    0.785096    
43          3         1           98.6400     0.197231    0.033883    0.789959    
43          4         1           98.5200     0.217752    0.025056    0.606178    
43          5         1           98.5900     0.190796    0.044357    0.865885    
43          6         1           98.7600     0.183756    0.028652    0.722585    
43          7         1           98.8800     0.198877    0.033699    0.708124    
43          8         1           98.7200     0.188002    0.038499    0.812502    
43          9         1           98.6200     0.178696    0.032888    0.774444    
44          0         1           98.2700     10.000000   0.000052    0.002352    
44          1         1           98.1300     0.162422    0.043435    0.952250    
44          2         1           98.5300     0.197468    0.029231    0.727093    
44          3         1           98.5700     0.166455    0.035104    0.911025    
44          4         1           98.7300     0.194272    0.028142    0.720282    
44          5         1           98.7300     0.206478    0.046019    0.857979    
44          6         1           98.8300     0.175659    0.028580    0.753657    
44          7         1           98.6200     0.172553    0.037917    0.848432    
44          8         1           98.7900     0.161584    0.035612    0.842129    
44          9         1           98.6800     0.175975    0.030214    0.757821    
45          0         1           98.6300     6.862747    0.000183    0.010348    
45          1         1           98.4800     0.182951    0.049829    0.964244    
45          2         1           98.2400     0.184859    0.041076    0.934307    
45          3         1           98.6400     0.145923    0.032195    0.856949    
45          4         1           98.7800     0.181959    0.023171    0.644773    
45          5         1           98.4700     0.162287    0.041750    0.942016    
45          6         1           98.6600     0.180493    0.029407    0.740846    
45          7         1           98.6700     0.169638    0.046530    0.901565    
45          8         1           98.6200     0.162409    0.032872    0.765478    
45          9         1           98.6600     0.151646    0.034608    0.902734    
46          0         1           98.4600     9.017556    0.000104    0.005100    
46          1         1           98.4500     0.197135    0.042358    0.850157    
46          2         1           98.5700     0.191164    0.032420    0.780764    
46          3         1           98.8900     0.152331    0.028902    0.740063    
46          4         1           98.8300     0.204734    0.026570    0.707792    
46          5         1           98.7200     0.192415    0.044399    0.907045    
46          6         1           98.5700     0.162139    0.028616    0.781717    
46          7         1           98.9400     0.176671    0.034768    0.799724    
46          8         1           98.7400     0.158652    0.029085    0.767935    
46          9         1           98.4600     0.173722    0.032364    0.822149    
47          0         1           98.7800     3.665365    0.000451    0.028775    
47          1         1           98.4100     0.175917    0.042571    0.875057    
47          2         1           98.6400     0.184874    0.030293    0.738937    
47          3         1           98.8900     0.179369    0.024887    0.676149    
47          4         1           98.3600     0.178330    0.021587    0.677470    
47          5         1           98.0600     0.182019    0.039692    0.886421    
47          6         1           98.7300     0.180098    0.025455    0.721962    
47          7         1           98.2600     0.176060    0.042476    0.884495    
47          8         1           98.7400     0.170414    0.038673    0.885167    
47          9         1           98.5400     0.156056    0.032726    0.822244    
48          0         1           98.7100     4.239324    0.000895    0.066781    
48          1         1           98.2900     0.166294    0.040791    0.890841    
48          2         1           98.5800     0.184344    0.037695    0.855840    
48          3         1           98.7700     0.172560    0.029370    0.804231    
48          4         1           98.6300     0.201031    0.025999    0.675141    
48          5         1           98.3100     0.161986    0.034396    0.794805    
48          6         1           98.8600     0.156903    0.028845    0.783676    
48          7         1           98.6300     0.176931    0.037767    0.875573    
48          8         1           98.5500     0.199666    0.033818    0.769748    
48          9         1           98.8100     0.165550    0.027975    0.742499    
49          0         1           98.8200     5.620892    0.000479    0.031406    
49          1         1           98.6500     0.173937    0.038036    0.851148    
49          2         1           98.7300     0.155402    0.028180    0.814852    
49          3         1           98.6700     0.171602    0.025116    0.698600    
49          4         1           98.6900     0.217675    0.023604    0.636022    
49          5         1           98.6000     0.163599    0.037533    0.888918    
49          6         1           98.6100     0.166018    0.024075    0.625426    
49          7         1           98.9800     0.161129    0.034545    0.797445    
49          8         1           98.5200     0.173064    0.032518    0.809301    
49          9         1           97.8900     0.196624    0.029562    0.774055    
50          0         1           98.6300     3.958628    0.000536    0.038706    
50          1         1           98.3600     0.203823    0.055409    1.037594    
50          2         1           98.7800     0.156675    0.027063    0.747512    
50          3         1           98.7200     0.157282    0.027005    0.731443    
50          4         1           98.8600     0.189356    0.025028    0.670271    
50          5         1           98.4100     0.152323    0.036282    0.812676    
50          6         1           98.8300     0.169696    0.026009    0.704980    
50          7         1           98.3200     0.157280    0.036679    0.847008    
50          8         1           98.8500     0.163630    0.030180    0.774705    
50          9         1           98.8200     0.176041    0.026590    0.700247    
51          0         1           98.7100     5.665554    0.000204    0.012013    
51          1         1           98.4600     0.207721    0.036036    0.822112    
51          2         1           98.6400     0.166757    0.027021    0.724317    
51          3         1           98.6800     0.172384    0.028468    0.759738    
51          4         1           98.8100     0.170185    0.020433    0.631490    
51          5         1           98.6200     0.175617    0.034071    0.818160    
51          6         1           98.5300     0.178830    0.024777    0.677545    
51          7         1           98.3400     0.154404    0.037851    0.874143    
51          8         1           98.4700     0.168502    0.031411    0.791964    
51          9         1           98.6200     0.167298    0.025997    0.704987    
52          0         1           98.9500     2.679234    0.000868    0.065145    
52          1         1           98.5500     0.211597    0.034115    0.778343    
52          2         1           98.6500     0.159665    0.029122    0.781415    
52          3         1           98.6700     0.166189    0.030336    0.823639    
52          4         1           98.8700     0.209129    0.018385    0.536407    
52          5         1           98.2900     0.171519    0.046387    0.940479    
52          6         1           98.8500     0.187610    0.021455    0.636195    
52          7         1           98.7100     0.163887    0.031968    0.781266    
52          8         1           98.7700     0.152373    0.029309    0.809161    
52          9         1           98.9000     0.179561    0.022020    0.636483    
53          0         1           98.7400     5.689410    0.000098    0.006297    
53          1         1           98.4300     0.154024    0.035354    0.822581    
53          2         1           98.7000     0.180057    0.030313    0.758621    
53          3         1           98.7400     0.162072    0.026561    0.725584    
53          4         1           98.8600     0.162922    0.021903    0.634460    
53          5         1           98.4600     0.177369    0.039892    0.874526    
53          6         1           98.7100     0.148001    0.020549    0.635921    
53          7         1           98.7500     0.166343    0.033458    0.823450    
53          8         1           98.8900     0.156696    0.027038    0.749309    
53          9         1           98.7400     0.197252    0.024864    0.694209    
54          0         1           98.5700     8.825156    0.000158    0.010500    
54          1         1           98.7000     0.167742    0.037767    0.938265    
54          2         1           98.7400     0.156970    0.030266    0.751685    
54          3         1           98.4500     0.151120    0.037938    0.982483    
54          4         1           98.7600     0.171926    0.021240    0.663810    
54          5         1           98.8200     0.153158    0.044421    0.974532    
54          6         1           98.7900     0.159242    0.024078    0.800261    
54          7         1           98.5600     0.173047    0.036294    0.877650    
54          8         1           98.7700     0.162462    0.026262    0.740389    
54          9         1           98.6700     0.151890    0.022033    0.726034    
55          0         1           98.6200     9.575000    0.000058    0.003260    
55          1         1           98.6900     0.179742    0.029074    0.737213    
55          2         1           98.7100     0.160839    0.027736    0.764479    
55          3         1           98.8000     0.182520    0.024606    0.726157    
55          4         1           98.9200     0.159014    0.023029    0.678022    
55          5         1           98.8000     0.170451    0.038044    0.887048    
55          6         1           98.8700     0.226760    0.019077    0.600181    
55          7         1           98.7900     0.161652    0.031336    0.775603    
55          8         1           98.7500     0.169629    0.034778    0.881382    
55          9         1           98.7300     0.128576    0.028046    0.733185    
56          0         1           98.7200     8.910156    0.000082    0.004367    
56          1         1           98.6400     0.204705    0.038467    0.860618    
56          2         1           98.2900     0.165073    0.023203    0.708120    
56          3         1           98.7000     0.166943    0.027510    0.749105    
56          4         1           98.6500     0.192612    0.019562    0.600461    
56          5         1           98.3100     0.176514    0.030719    0.777549    
56          6         1           98.9400     0.154485    0.024376    0.773255    
56          7         1           98.7400     0.150375    0.029230    0.789623    
56          8         1           98.9400     0.169301    0.029250    0.760752    
56          9         1           98.8500     0.162782    0.029684    0.787683    
57          0         1           98.8300     7.274512    0.000224    0.014428    
57          1         1           98.7400     0.152301    0.035618    0.853037    
57          2         1           98.6400     0.188310    0.022888    0.645365    
57          3         1           98.6600     0.185827    0.026515    0.790336    
57          4         1           98.8900     0.174021    0.020052    0.592666    
57          5         1           98.6600     0.180517    0.040648    0.888705    
57          6         1           98.9000     0.135156    0.020164    0.696700    
57          7         1           98.8800     0.164712    0.028819    0.790305    
57          8         1           99.0000     0.176500    0.021619    0.656321    
57          9         1           98.9000     0.189024    0.021778    0.670601    
58          0         1           98.7900     5.152144    0.000333    0.023078    
58          1         1           98.2400     0.148888    0.036471    0.919299    
58          2         1           98.5800     0.189368    0.027040    0.750762    
58          3         1           98.9600     0.156956    0.027877    0.734339    
58          4         1           98.8900     0.192248    0.022896    0.684689    
58          5         1           98.8800     0.150536    0.036013    0.863312    
58          6         1           98.8500     0.189703    0.018953    0.645519    
58          7         1           98.9100     0.154068    0.024153    0.716546    
58          8         1           98.7800     0.156349    0.024907    0.800137    
58          9         1           98.8200     0.181005    0.023733    0.692425    
59          0         1           98.7100     9.442556    0.000055    0.003459    
59          1         1           98.2700     0.165285    0.030764    0.754999    
59          2         1           98.8800     0.165896    0.024847    0.729989    
59          3         1           98.7900     0.153662    0.024285    0.768163    
59          4         1           98.5500     0.186645    0.021807    0.636695    
59          5         1           98.8100     0.148228    0.032478    0.798974    
59          6         1           98.7600     0.166386    0.018246    0.632798    
59          7         1           98.7400     0.169820    0.038152    0.891121    
59          8         1           98.9600     0.150615    0.023157    0.696914    
59          9         1           98.8200     0.171018    0.019883    0.644106    
60          0         1           98.7300     8.225156    0.000126    0.008045    
60          1         1           98.8500     0.155830    0.031663    0.801792    
60          2         1           98.6200     0.170264    0.030828    0.861168    
60          3         1           98.7600     0.135805    0.024472    0.756230    
60          4         1           99.0300     0.185710    0.015525    0.542798    
60          5         1           98.7700     0.148458    0.037858    0.895034    
60          6         1           98.8400     0.158977    0.021828    0.736854    
60          7         1           97.6200     0.178357    0.030616    0.801694    
60          8         1           98.8100     0.189484    0.029363    0.792243    
60          9         1           98.8800     0.155792    0.025085    0.751568    
61          0         1           98.7100     9.875000    0.000034    0.001598    
61          1         1           98.6000     0.179383    0.028156    0.758190    
61          2         1           96.9100     0.179821    0.023972    0.707703    
61          3         1           98.2800     0.163925    0.032118    0.888393    
61          4         1           98.8900     0.186519    0.017661    0.581041    
61          5         1           98.6200     0.158799    0.033611    0.841791    
61          6         1           98.9500     0.155981    0.022518    0.694943    
61          7         1           98.5600     0.138366    0.030208    0.838339    
61          8         1           98.8800     0.159249    0.018836    0.662883    
61          9         1           98.7200     0.154462    0.021399    0.680323    
62          0         1           98.6900     8.485156    0.000066    0.005013    
62          1         1           98.5600     0.152802    0.030184    0.825050    
62          2         1           98.8800     0.156364    0.023936    0.731666    
62          3         1           98.9100     0.136115    0.021923    0.727641    
62          4         1           98.7800     0.196027    0.021740    0.642844    
62          5         1           98.6900     0.201151    0.048030    0.979242    
62          6         1           98.9000     0.206426    0.016027    0.564733    
62          7         1           98.7700     0.139399    0.029685    0.823105    
62          8         1           98.8100     0.174505    0.023400    0.725448    
62          9         1           98.8900     0.160663    0.020001    0.664377    
63          0         1           98.7800     9.150000    0.000216    0.020421    
63          1         1           98.8800     0.169609    0.030224    0.787033    
63          2         1           98.8100     0.206280    0.019309    0.646485    
63          3         1           99.0400     0.128594    0.019471    0.665508    
63          4         1           98.7900     0.202093    0.018370    0.568677    
63          5         1           98.1200     0.162417    0.030339    0.841669    
63          6         1           98.8500     0.169498    0.019118    0.642923    
63          7         1           98.5300     0.168336    0.027516    0.811697    
63          8         1           98.9200     0.161161    0.023995    0.722551    
63          9         1           99.0400     0.161884    0.021843    0.702642    
64          0         1           98.7600     9.275000    0.000136    0.012634    
64          1         1           98.6700     0.172355    0.034430    0.885801    
64          2         1           98.6100     0.148114    0.028695    0.800684    
64          3         1           98.9700     0.262371    0.018670    0.604992    
64          4         1           98.9400     0.234122    0.016812    0.629769    
64          5         1           98.7600     0.147199    0.033398    0.816651    
64          6         1           98.8700     0.146958    0.016937    0.599160    
64          7         1           98.7700     0.186707    0.024807    0.687010    
64          8         1           98.9100     0.156662    0.022352    0.678986    
64          9         1           98.8000     0.210610    0.019435    0.658574    
65          0         1           98.7900     9.875000    0.000025    0.001799    
65          1         1           98.1200     0.149130    0.032824    0.897340    
65          2         1           98.8700     0.143660    0.020495    0.671527    
65          3         1           98.9300     0.146021    0.022251    0.681938    
65          4         1           98.7400     0.187380    0.018677    0.581575    
65          5         1           98.8000     0.145503    0.036736    0.891510    
65          6         1           98.8200     0.178065    0.018425    0.614745    
65          7         1           99.0100     0.184213    0.029673    0.814090    
65          8         1           98.5400     0.135931    0.027478    0.789477    
65          9         1           98.8500     0.195375    0.021089    0.645236    
66          0         1           98.9900     2.906719    0.000778    0.068932    
66          1         1           98.6000     0.168872    0.041797    0.955675    
66          2         1           98.7600     0.136035    0.021375    0.749034    
66          3         1           98.9100     0.164840    0.020024    0.680528    
66          4         1           97.6800     0.147275    0.018259    0.586020    
66          5         1           98.6700     0.172051    0.035662    0.848062    
66          6         1           98.8000     0.166690    0.018603    0.659127    
66          7         1           98.9800     0.188236    0.021769    0.642572    
66          8         1           98.6100     0.147140    0.022549    0.727801    
66          9         1           98.8600     0.142926    0.021410    0.728853    
67          0         1           98.9200     3.943119    0.000200    0.018278    
67          1         1           98.8600     0.156741    0.026038    0.734934    
67          2         1           98.8700     0.157532    0.018420    0.631932    
67          3         1           98.9000     0.175385    0.020282    0.690948    
67          4         1           98.8700     0.172878    0.015509    0.554801    
67          5         1           98.7600     0.168589    0.032414    0.883961    
67          6         1           98.9900     0.166758    0.016230    0.573888    
67          7         1           98.0100     0.161669    0.026820    0.786020    
67          8         1           98.7800     0.174212    0.019524    0.684686    
67          9         1           98.7600     0.146220    0.023800    0.742885    
68          0         1           98.6900     10.000000   0.000024    0.001786    
68          1         1           97.5000     0.152010    0.029535    0.764369    
68          2         1           98.8300     0.156378    0.019146    0.663579    
68          3         1           98.8900     0.155551    0.024416    0.715266    
68          4         1           98.7200     0.174622    0.014515    0.543594    
68          5         1           98.8000     0.159161    0.035507    0.869697    
68          6         1           99.0300     0.189090    0.016432    0.584795    
68          7         1           98.8800     0.155787    0.023152    0.678204    
68          8         1           99.0000     0.171444    0.020270    0.624974    
68          9         1           98.8900     0.168049    0.021936    0.693688    
69          0         1           98.8000     9.575000    0.000034    0.002479    
69          1         1           98.9800     0.140250    0.030361    0.877426    
69          2         1           98.9100     0.154682    0.024140    0.755080    
69          3         1           98.6000     0.130396    0.021929    0.790631    
69          4         1           98.9000     0.204410    0.016929    0.574698    
69          5         1           98.8600     0.147289    0.029685    0.789015    
69          6         1           98.9100     0.165933    0.021944    0.741825    
69          7         1           98.5500     0.142826    0.025241    0.772617    
69          8         1           98.8900     0.153791    0.022585    0.717729    
69          9         1           98.4600     0.163446    0.019389    0.650102    
70          0         1           98.8000     9.575000    0.000048    0.004081    
70          1         1           98.7700     0.148105    0.025867    0.707609    
70          2         1           98.9400     0.163548    0.015202    0.575185    
70          3         1           98.9100     0.177458    0.016887    0.591780    
70          4         1           99.0700     0.185929    0.014298    0.555350    
70          5         1           91.7600     0.158770    0.033959    0.853141    
70          6         1           99.0300     0.164913    0.015662    0.548500    
70          7         1           98.8800     0.174456    0.026471    0.784824    
70          8         1           98.9800     0.187714    0.019073    0.651798    
70          9         1           99.0300     0.127557    0.025338    0.784455    
71          0         1           98.8800     9.575000    0.000027    0.001883    
71          1         1           98.9000     0.149163    0.027855    0.825988    
71          2         1           98.6100     0.140169    0.021772    0.719424    
71          3         1           98.7100     0.134232    0.027268    0.813479    
71          4         1           98.8100     0.180372    0.019550    0.646629    
71          5         1           98.7800     0.134514    0.026633    0.766723    
71          6         1           99.0700     0.159471    0.018059    0.622507    
71          7         1           98.5800     0.126513    0.030197    0.869896    
71          8         1           98.6500     0.155941    0.025889    0.761044    
71          9         1           98.8200     0.146027    0.018885    0.730200    
72          0         1           98.8900     8.525156    0.000099    0.008993    
72          1         1           98.8600     0.143482    0.030491    0.883823    
72          2         1           98.9000     0.151627    0.022488    0.714702    
72          3         1           99.0000     0.143198    0.016655    0.616145    
72          4         1           98.9100     0.203017    0.014461    0.549326    
72          5         1           97.3100     0.174091    0.038775    0.929328    
72          6         1           98.3200     0.143305    0.021446    0.736770    
72          7         1           96.6200     0.159180    0.022315    0.694152    
72          8         1           98.5600     0.141633    0.018738    0.683760    
72          9         1           99.0600     0.183168    0.017177    0.615247    
73          0         1           98.8400     10.000000   0.000017    0.001182    
73          1         1           98.7900     0.152306    0.030425    0.815029    
73          2         1           98.9600     0.182482    0.017914    0.664592    
73          3         1           98.8300     0.171812    0.015401    0.567994    
73          4         1           99.0600     0.236966    0.013690    0.528218    
73          5         1           98.9000     0.159573    0.031343    0.824202    
73          6         1           99.0400     0.201040    0.015479    0.611972    
73          7         1           98.9500     0.156555    0.024825    0.772228    
73          8         1           98.8500     0.133105    0.019997    0.722286    
73          9         1           98.8900     0.141562    0.020781    0.712782    
74          0         1           98.9700     7.005012    0.000186    0.016951    
74          1         1           98.2300     0.150958    0.032682    0.832840    
74          2         1           98.9600     0.130577    0.021215    0.717267    
74          3         1           99.0800     0.156819    0.017963    0.600012    
74          4         1           98.7200     0.173191    0.015019    0.570594    
74          5         1           98.5300     0.157850    0.032059    0.835564    
74          6         1           98.8800     0.189733    0.019697    0.655449    
74          7         1           98.8600     0.169881    0.023743    0.650571    
74          8         1           98.9800     0.172936    0.023954    0.715131    
74          9         1           98.3400     0.176603    0.016864    0.608177    
75          0         1           98.9600     4.151138    0.000199    0.014737    
75          1         1           98.8300     0.143045    0.023453    0.715422    
75          2         1           98.9200     0.138088    0.017834    0.636002    
75          3         1           98.8400     0.135875    0.018398    0.704197    
75          4         1           98.9500     0.209102    0.013770    0.535352    
75          5         1           97.8600     0.136179    0.029197    0.781139    
75          6         1           98.7000     0.146226    0.018011    0.679468    
75          7         1           95.6900     0.144877    0.026137    0.739810    
75          8         1           98.8800     0.162183    0.019444    0.645267    
75          9         1           98.7900     0.154600    0.025540    0.841503    
76          0         1           98.8000     9.442556    0.000024    0.001543    
76          1         1           98.8800     0.152929    0.026502    0.821364    
76          2         1           98.9200     0.180089    0.022204    0.676216    
76          3         1           98.7200     0.144205    0.028624    0.859169    
76          4         1           98.8800     0.190733    0.012067    0.513316    
76          5         1           98.7300     0.156675    0.026011    0.712563    
76          6         1           99.0200     0.137883    0.014037    0.603095    
76          7         1           98.7800     0.124067    0.028112    0.863106    
76          8         1           98.9500     0.165458    0.022274    0.781018    
76          9         1           98.4200     0.172678    0.021575    0.689776    
77          0         1           98.8200     10.000000   0.000015    0.001166    
77          1         1           98.9400     0.129667    0.027076    0.832954    
77          2         1           98.9200     0.195866    0.015871    0.648150    
77          3         1           98.5600     0.163614    0.014687    0.581029    
77          4         1           98.9000     0.177640    0.016067    0.556087    
77          5         1           98.5400     0.141383    0.030217    0.814688    
77          6         1           98.8600     0.171949    0.015734    0.599236    
77          7         1           98.6000     0.140055    0.029834    0.876138    
77          8         1           98.8300     0.124246    0.020812    0.723856    
77          9         1           98.9100     0.157622    0.021744    0.746448    
78          0         1           98.8800     7.005012    0.000158    0.014747    
78          1         1           98.9700     0.118264    0.025361    0.806203    
78          2         1           98.4400     0.139833    0.022787    0.773092    
78          3         1           99.0000     0.139937    0.018445    0.718725    
78          4         1           98.9800     0.224101    0.011610    0.475396    
78          5         1           98.8600     0.153031    0.025728    0.703710    
78          6         1           99.0700     0.152588    0.014717    0.607103    
78          7         1           98.9100     0.159332    0.031851    0.781931    
78          8         1           98.7700     0.147093    0.020012    0.704785    
78          9         1           98.9700     0.155921    0.016526    0.594223    
79          0         1           98.8500     9.575000    0.000034    0.002333    
79          1         1           98.6900     0.144794    0.027038    0.792902    
79          2         1           98.8600     0.158663    0.019071    0.685568    
79          3         1           98.8900     0.163040    0.016960    0.667703    
79          4         1           98.9800     0.284341    0.013371    0.490767    
79          5         1           98.8200     0.125717    0.030322    0.885696    
79          6         1           98.9300     0.121042    0.014949    0.661240    
79          7         1           98.4100     0.149636    0.023280    0.738308    
79          8         1           98.7300     0.144110    0.015914    0.604191    
79          9         1           99.0800     0.197373    0.017052    0.631242    
80          0         1           98.7900     9.700000    0.000016    0.001174    
80          1         1           98.5600     0.134650    0.023243    0.804359    
80          2         1           98.8800     0.161398    0.025156    0.846955    
80          3         1           99.0300     0.177464    0.016567    0.655913    
80          4         1           98.6900     0.172105    0.013304    0.539595    
80          5         1           98.8700     0.141781    0.026449    0.805025    
80          6         1           98.8000     0.182891    0.015401    0.644676    
80          7         1           98.8200     0.116395    0.028175    0.851155    
80          8         1           98.9800     0.164009    0.015537    0.609649    
80          9         1           98.9200     0.160114    0.019042    0.685070    
81          0         1           98.8400     9.875000    0.000020    0.001367    
81          1         1           98.9500     0.153603    0.020608    0.731398    
81          2         1           98.6300     0.121819    0.020154    0.743302    
81          3         1           98.9000     0.155824    0.025288    0.759761    
81          4         1           99.0100     0.227437    0.013663    0.512430    
81          5         1           98.7300     0.162438    0.029725    0.844134    
81          6         1           99.0400     0.148805    0.012190    0.543080    
81          7         1           98.9300     0.164351    0.028470    0.881996    
81          8         1           98.9000     0.131067    0.020795    0.729044    
81          9         1           98.9100     0.143981    0.020056    0.731159    
82          0         1           98.8700     10.000000   0.000014    0.000946    
82          1         1           99.0100     0.135393    0.022605    0.739528    
82          2         1           98.9500     0.165393    0.022981    0.759911    
82          3         1           98.7400     0.130490    0.019480    0.721582    
82          4         1           99.0900     0.166036    0.013121    0.557474    
82          5         1           98.8100     0.130797    0.027636    0.822716    
82          6         1           99.0100     0.185367    0.014711    0.633766    
82          7         1           98.7000     0.178842    0.021078    0.675133    
82          8         1           98.8800     0.151568    0.018081    0.671922    
82          9         1           98.7600     0.155607    0.020050    0.670186    
83          0         1           98.9000     9.700000    0.000015    0.001046    
83          1         1           98.7200     0.119870    0.025250    0.806113    
83          2         1           98.9100     0.158680    0.016083    0.612172    
83          3         1           98.9500     0.175384    0.016070    0.620378    
83          4         1           99.0200     0.272021    0.013173    0.510647    
83          5         1           98.7200     0.147463    0.021480    0.706615    
83          6         1           99.0100     0.128900    0.014706    0.655400    
83          7         1           99.0600     0.137963    0.018642    0.659439    
83          8         1           98.7600     0.134744    0.023079    0.756996    
83          9         1           99.0000     0.191467    0.018350    0.622197    
84          0         1           98.9100     9.450000    0.000016    0.001068    
84          1         1           98.8600     0.145074    0.025773    0.778714    
84          2         1           98.7100     0.196211    0.015444    0.642312    
84          3         1           98.9600     0.134020    0.013037    0.574542    
84          4         1           98.9800     0.229208    0.012575    0.489764    
84          5         1           98.7900     0.122564    0.031446    0.874995    
84          6         1           99.0600     0.171066    0.013312    0.602759    
84          7         1           98.8300     0.138014    0.022261    0.733079    
84          8         1           99.0300     0.129355    0.013226    0.580527    
84          9         1           98.7400     0.130795    0.020193    0.727297    
85          0         1           98.9200     9.575000    0.000031    0.002586    
85          1         1           98.7000     0.182854    0.029770    0.896230    
85          2         1           98.9300     0.137864    0.012538    0.575177    
85          3         1           99.0600     0.183194    0.014469    0.569094    
85          4         1           98.9600     0.200558    0.015211    0.558605    
85          5         1           97.0300     0.153927    0.024126    0.708062    
85          6         1           99.0900     0.198269    0.014375    0.587022    
85          7         1           98.8600     0.122528    0.025459    0.885048    
85          8         1           98.8700     0.155463    0.018564    0.655026    
85          9         1           99.0900     0.120951    0.020855    0.764759    
86          0         1           98.9900     8.910156    0.000040    0.003924    
86          1         1           98.9000     0.109623    0.026273    0.842806    
86          2         1           98.9300     0.186072    0.012372    0.521297    
86          3         1           99.0400     0.147802    0.017399    0.643721    
86          4         1           98.9000     0.246922    0.013139    0.503808    
86          5         1           98.8700     0.111506    0.028758    0.860983    
86          6         1           98.9700     0.123859    0.015562    0.670025    
86          7         1           98.9700     0.153461    0.024612    0.878672    
86          8         1           99.0700     0.159781    0.018911    0.703000    
86          9         1           98.9800     0.116992    0.020783    0.762212    
87          0         1           98.9500     9.575000    0.000021    0.002124    
87          1         1           99.0200     0.119648    0.031425    0.887595    
87          2         1           99.0100     0.148655    0.014322    0.575362    
87          3         1           98.9300     0.159937    0.012950    0.554765    
87          4         1           99.0100     0.199905    0.016279    0.581207    
87          5         1           98.5600     0.112468    0.034137    0.914154    
87          6         1           98.8900     0.170868    0.013768    0.588380    
87          7         1           98.9100     0.133022    0.024997    0.826270    
87          8         1           98.6500     0.140131    0.017976    0.676416    
87          9         1           99.0300     0.316210    0.014221    0.535798    
88          0         1           98.9800     9.575000    0.000038    0.003659    
88          1         1           98.9100     0.139995    0.026477    0.876756    
88          2         1           99.0400     0.148305    0.014287    0.605883    
88          3         1           99.0200     0.159773    0.012766    0.567327    
88          4         1           98.9900     0.196753    0.012421    0.504655    
88          5         1           98.9500     0.186281    0.022791    0.654840    
88          6         1           98.9800     0.159779    0.014833    0.632577    
88          7         1           98.7800     0.227179    0.019048    0.678748    
88          8         1           98.9800     0.171239    0.014738    0.578432    
88          9         1           98.9600     0.152924    0.014955    0.578804    
89          0         1           98.9000     10.000000   0.000012    0.000909    
89          1         1           98.9800     0.120021    0.020585    0.727813    
89          2         1           98.9200     0.161367    0.017091    0.653975    
89          3         1           99.0100     0.178312    0.016365    0.624479    
89          4         1           99.0500     0.177027    0.013406    0.544823    
89          5         1           98.9900     0.134008    0.031601    0.898766    
89          6         1           98.9300     0.227172    0.012048    0.574549    
89          7         1           98.8900     0.136781    0.022199    0.799212    
89          8         1           99.1000     0.137664    0.015701    0.637331    
89          9         1           98.9000     0.137161    0.019906    0.736596    
90          0         1           98.9600     10.000000   0.000012    0.000989    
90          1         1           98.8800     0.124304    0.026726    0.827693    
90          2         1           98.6400     0.208772    0.014434    0.584018    
90          3         1           98.9800     0.126214    0.019890    0.727327    
90          4         1           98.7500     0.232983    0.016320    0.609400    
90          5         1           98.8900     0.127732    0.032182    0.910644    
90          6         1           99.0500     0.187135    0.011417    0.552109    
90          7         1           98.8600     0.153799    0.028584    0.951670    
90          8         1           98.9100     0.150423    0.016888    0.701967    
90          9         1           98.8500     0.149704    0.016866    0.639650    
91          0         1           98.9500     10.000000   0.000011    0.000742    
91          1         1           98.8900     0.137340    0.025549    0.774026    
91          2         1           98.9300     0.133439    0.020116    0.785572    
91          3         1           99.0600     0.199888    0.016248    0.598510    
91          4         1           99.1200     0.170251    0.011253    0.495090    
91          5         1           98.6200     0.151454    0.032949    0.928379    
91          6         1           99.0400     0.146209    0.012008    0.547897    
91          7         1           98.7600     0.119914    0.025465    0.837256    
91          8         1           98.9800     0.134564    0.015787    0.650654    
91          9         1           98.8100     0.119925    0.019975    0.739707    
92          0         1           98.9500     10.000000   0.000010    0.000713    
92          1         1           98.6900     0.126395    0.028383    0.911196    
92          2         1           99.0000     0.119148    0.015667    0.643350    
92          3         1           98.9900     0.151932    0.017094    0.657974    
92          4         1           99.0800     0.257359    0.011848    0.449349    
92          5         1           98.8600     0.126250    0.023190    0.779476    
92          6         1           99.1300     0.218462    0.013077    0.574558    
92          7         1           98.9600     0.166369    0.020460    0.674024    
92          8         1           99.0800     0.160871    0.018026    0.749587    
92          9         1           98.7400     0.111738    0.023118    0.811179    
93          0         1           98.9900     10.000000   0.000013    0.000934    
93          1         1           98.9700     0.114875    0.024199    0.899041    
93          2         1           98.9200     0.155617    0.015962    0.630359    
93          3         1           98.9600     0.143506    0.017867    0.710766    
93          4         1           99.0300     0.167792    0.014812    0.587374    
93          5         1           98.9500     0.125186    0.023997    0.759601    
93          6         1           99.0000     0.189386    0.018730    0.656434    
93          7         1           98.5200     0.118247    0.019406    0.691404    
93          8         1           98.8900     0.143071    0.024194    0.792746    
93          9         1           98.9500     0.130031    0.017558    0.716356    
94          0         1           98.9200     9.575000    0.000022    0.001828    
94          1         1           98.8900     0.135883    0.022957    0.744459    
94          2         1           99.0600     0.170656    0.016056    0.652243    
94          3         1           99.0300     0.116167    0.023064    0.812133    
94          4         1           99.0100     0.181795    0.013763    0.503550    
94          5         1           99.1000     0.129730    0.015718    0.647651    
94          6         1           99.0200     0.186466    0.011921    0.532134    
94          7         1           98.9800     0.146431    0.020533    0.705758    
94          8         1           98.9300     0.148942    0.023955    0.802220    
94          9         1           99.0000     0.219078    0.015856    0.636682    
95          0         1           99.0200     8.850000    0.000028    0.002538    
95          1         1           98.9100     0.176205    0.020814    0.764904    
95          2         1           98.9000     0.153745    0.012560    0.583661    
95          3         1           98.9500     0.131918    0.012741    0.573286    
95          4         1           99.0500     0.265523    0.012215    0.474884    
95          5         1           99.0000     0.126013    0.022191    0.739077    
95          6         1           99.0800     0.177586    0.014211    0.626559    
95          7         1           99.0000     0.139471    0.019307    0.664514    
95          8         1           99.0400     0.160035    0.018510    0.686234    
95          9         1           99.0100     0.160983    0.015221    0.637081    
96          0         1           99.0200     9.210156    0.000023    0.001965    
96          1         1           98.9400     0.146547    0.019811    0.683603    
96          2         1           98.9800     0.190794    0.010955    0.462499    
96          3         1           99.1000     0.174917    0.012900    0.599792    
96          4         1           99.0500     0.214607    0.010825    0.467195    
96          5         1           98.6400     0.156344    0.022143    0.728436    
96          6         1           99.0600     0.179972    0.013020    0.567212    
96          7         1           98.9900     0.109904    0.025769    0.828660    
96          8         1           99.1000     0.130847    0.017379    0.704406    
96          9         1           99.0600     0.172923    0.015847    0.615393    
97          0         1           99.0300     9.575000    0.000016    0.001536    
97          1         1           98.9500     0.124101    0.019809    0.727854    
97          2         1           99.0100     0.147882    0.013248    0.609575    
97          3         1           99.0200     0.168099    0.012895    0.563295    
97          4         1           99.0200     0.272790    0.012154    0.500382    
97          5         1           98.9900     0.133175    0.025206    0.863901    
97          6         1           98.8800     0.191067    0.012792    0.556990    
97          7         1           98.9400     0.161779    0.019087    0.652046    
97          8         1           99.0200     0.166851    0.017511    0.621681    
97          9         1           98.9400     0.129414    0.020452    0.789635    
98          0         1           99.0100     9.150000    0.000025    0.002310    
98          1         1           98.9300     0.113698    0.028860    0.868158    
98          2         1           99.0400     0.165747    0.013308    0.582970    
98          3         1           99.0200     0.181458    0.015701    0.577258    
98          4         1           99.0800     0.257887    0.012708    0.505906    
98          5         1           98.9200     0.153468    0.021065    0.749806    
98          6         1           99.1200     0.165137    0.011790    0.561223    
98          7         1           98.7500     0.117039    0.025106    0.863248    
98          8         1           98.7200     0.125661    0.017260    0.685450    
98          9         1           98.7700     0.104606    0.022095    0.867663    
99          0         1           98.9600     9.335156    0.000019    0.001749    
99          1         1           98.5500     0.118723    0.027660    0.996338    
99          2         1           99.0200     0.129177    0.013888    0.602186    
99          3         1           99.0100     0.197545    0.014175    0.574432    
99          4         1           99.1500     0.322751    0.011854    0.475035    
99          5         1           99.0600     0.162683    0.023845    0.749023    
99          6         1           99.0000     0.191393    0.013622    0.603323    
99          7         1           98.9600     0.104283    0.019482    0.700165    
99          8         1           98.6600     0.139719    0.012889    0.583849    
99          9         1           99.0100     0.178119    0.015097    0.645666    
100         0         1           99.0000     9.700000    0.000010    0.000793    
100         1         1           98.9500     0.137696    0.025325    0.797700    
100         2         1           98.9700     0.146932    0.014813    0.626243    
100         3         1           98.8500     0.135323    0.016840    0.615927    
100         4         1           99.0700     0.356865    0.011939    0.494542    
100         5         1           98.8500     0.166301    0.026565    0.817277    
100         6         1           99.0200     0.152021    0.012812    0.593993    
100         7         1           98.9500     0.135665    0.022920    0.767352    
100         8         1           98.6000     0.142473    0.019017    0.714086    
100         9         1           99.0300     0.126098    0.014263    0.584757    
