GlobalRnd   ClientID  LocEpoch    Accuracy    Loss        
1           0         10          9.7400      0.000159    
1           1         10          11.3500     0.000183    
1           2         10          8.9200      0.000213    
1           3         10          9.8000      0.000191    
1           4         10          10.2800     0.000178    
1           5         10          10.3200     0.000169    
1           6         10          10.0900     0.000162    
1           7         10          9.8200      0.000181    
1           8         10          10.1000     0.000167    
1           9         10          9.5800      0.000173    
2           0         10          9.7400      0.000136    
2           1         10          11.3500     0.000181    
2           2         10          8.9200      0.000188    
2           3         10          9.8000      0.000167    
2           4         10          10.2800     0.000158    
2           5         10          10.3200     0.000149    
2           6         10          10.0900     0.000141    
2           7         10          9.8200      0.000157    
2           8         10          10.1000     0.000147    
2           9         10          9.5800      0.000155    
3           0         10          9.7400      0.000113    
3           1         10          11.3500     0.000167    
3           2         10          8.9200      0.000162    
3           3         10          9.8000      0.000148    
3           4         10          10.2800     0.000139    
3           5         10          10.3200     0.000129    
3           6         10          10.0900     0.000121    
3           7         10          9.8200      0.000137    
3           8         10          10.1000     0.000129    
3           9         10          9.5800      0.000135    
4           0         10          9.7400      0.000052    
4           1         10          11.3500     0.000159    
4           2         10          8.9200      0.000144    
4           3         10          9.8000      0.000113    
4           4         10          10.2800     0.000124    
4           5         10          10.3200     0.000103    
4           6         10          10.0900     0.000083    
4           7         10          9.8200      0.000115    
4           8         10          10.1000     0.000104    
4           9         10          9.5800      0.000102    
5           0         10          9.7400      0.000013    
5           1         10          11.3500     0.000153    
5           2         10          8.9200      0.000126    
5           3         10          9.8000      0.000076    
5           4         10          10.2800     0.000105    
5           5         10          10.3200     0.000060    
5           6         10          10.0900     0.000061    
5           7         10          9.8200      0.000082    
5           8         10          10.1000     0.000067    
5           9         10          9.5800      0.000057    
6           0         10          9.7400      0.000007    
6           1         10          11.3500     0.000149    
6           2         10          8.9200      0.000095    
6           3         10          9.8000      0.000041    
6           4         10          10.2800     0.000098    
6           5         10          10.3200     0.000037    
6           6         10          10.0900     0.000024    
6           7         10          9.8200      0.000054    
6           8         10          10.1000     0.000036    
6           9         10          9.5800      0.000030    
7           0         10          9.7400      0.000002    
7           1         10          11.3500     0.000142    
7           2         10          8.9200      0.000067    
7           3         10          9.8000      0.000029    
7           4         10          10.2800     0.000074    
7           5         10          10.3200     0.000026    
7           6         10          10.0900     0.000013    
7           7         10          9.8200      0.000046    
7           8         10          10.1000     0.000027    
7           9         10          9.5800      0.000025    
8           0         10          9.7400      0.000002    
8           1         10          11.3500     0.000141    
8           2         10          8.9200      0.000071    
8           3         10          9.8000      0.000016    
8           4         10          10.2800     0.000065    
8           5         10          10.3200     0.000019    
8           6         10          10.0900     0.000006    
8           7         10          9.8200      0.000025    
8           8         10          10.1000     0.000022    
8           9         10          9.5800      0.000016    
9           0         10          9.7400      0.000001    
9           1         10          11.3500     0.000137    
9           2         10          8.9200      0.000066    
9           3         10          9.8000      0.000012    
9           4         10          10.2800     0.000044    
9           5         10          10.3200     0.000010    
9           6         10          10.0900     0.000006    
9           7         10          9.8200      0.000013    
9           8         10          10.1000     0.000013    
9           9         10          9.5800      0.000007    
10          0         10          9.7400      0.000001    
10          1         10          11.3500     0.000134    
10          2         10          8.9200      0.000055    
10          3         10          9.8000      0.000007    
10          4         10          10.2800     0.000031    
10          5         10          10.3200     0.000009    
10          6         10          10.0900     0.000003    
10          7         10          9.8200      0.000011    
10          8         10          10.1000     0.000012    
10          9         10          9.5800      0.000008    
11          0         10          9.7400      0.000001    
11          1         10          11.3500     0.000131    
11          2         10          8.9200      0.000051    
11          3         10          9.8000      0.000006    
11          4         10          10.2800     0.000037    
11          5         10          10.3200     0.000006    
11          6         10          10.0900     0.000002    
11          7         10          9.8200      0.000008    
11          8         10          10.1000     0.000010    
11          9         10          9.5800      0.000008    
12          0         10          9.7400      0.000000    
12          1         10          11.3500     0.000126    
12          2         10          8.9200      0.000045    
12          3         10          9.8000      0.000006    
12          4         10          10.2800     0.000037    
12          5         10          10.3200     0.000004    
12          6         10          10.0900     0.000001    
12          7         10          9.8200      0.000009    
12          8         10          10.1000     0.000007    
12          9         10          9.5800      0.000009    
13          0         10          9.7400      0.000000    
13          1         10          11.3500     0.000118    
13          2         10          8.9200      0.000021    
13          3         10          9.8000      0.000003    
13          4         10          10.2800     0.000018    
13          5         10          10.3200     0.000003    
13          6         10          10.0900     0.000002    
13          7         10          9.8200      0.000006    
13          8         10          10.1000     0.000005    
13          9         10          9.5800      0.000002    
14          0         10          9.7400      0.000000    
14          1         10          11.3500     0.000117    
14          2         10          8.9200      0.000019    
14          3         10          9.8000      0.000005    
14          4         10          10.2800     0.000029    
14          5         10          10.3200     0.000003    
14          6         10          10.0900     0.000001    
14          7         10          9.8200      0.000004    
14          8         10          10.1000     0.000004    
14          9         10          9.5800      0.000005    
15          0         10          9.7400      0.000000    
15          1         10          11.3500     0.000112    
15          2         10          8.9200      0.000021    
15          3         10          9.8000      0.000002    
15          4         10          10.2800     0.000018    
15          5         10          10.3200     0.000001    
15          6         10          10.0900     0.000002    
15          7         10          9.8200      0.000004    
15          8         10          10.1000     0.000006    
15          9         10          9.5800      0.000003    
16          0         10          9.7400      0.000000    
16          1         10          11.3500     0.000105    
16          2         10          8.9200      0.000022    
16          3         10          9.8000      0.000011    
16          4         10          10.2800     0.000021    
16          5         10          10.3200     0.000003    
16          6         10          10.0900     0.000002    
16          7         10          9.8200      0.000004    
16          8         10          10.1000     0.000005    
16          9         10          9.5800      0.000005    
17          0         10          9.7400      0.000000    
17          1         10          11.3500     0.000114    
17          2         10          8.9200      0.000028    
17          3         10          9.8000      0.000002    
17          4         10          10.2800     0.000011    
17          5         10          10.3200     0.000003    
17          6         10          10.0900     0.000002    
17          7         10          9.8200      0.000003    
17          8         10          10.1000     0.000007    
17          9         10          9.5800      0.000002    
18          0         10          9.7400      0.000000    
18          1         10          11.3500     0.000115    
18          2         10          8.9200      0.000022    
18          3         10          9.8000      0.000009    
18          4         10          10.2800     0.000019    
18          5         10          10.3200     0.000003    
18          6         10          10.0900     0.000001    
18          7         10          9.8200      0.000004    
18          8         10          10.1000     0.000003    
18          9         10          9.5800      0.000005    
19          0         10          9.7400      0.000000    
19          1         10          11.3500     0.000111    
19          2         10          8.9200      0.000023    
19          3         10          9.8000      0.000002    
19          4         10          10.2800     0.000016    
19          5         10          10.3200     0.000003    
19          6         10          10.0900     0.000002    
19          7         10          9.8200      0.000004    
19          8         10          10.1000     0.000007    
19          9         10          9.5800      0.000003    
20          0         10          9.7400      0.000000    
20          1         10          11.3500     0.000098    
20          2         10          8.9200      0.000019    
20          3         10          9.8000      0.000016    
20          4         10          10.2800     0.000016    
20          5         10          10.3200     0.000003    
20          6         10          10.0900     0.000002    
20          7         10          9.8200      0.000004    
20          8         10          10.1000     0.000004    
20          9         10          9.5800      0.000007    
21          0         10          9.7400      0.000000    
21          1         10          11.3500     0.000114    
21          2         10          8.9200      0.000028    
21          3         10          9.8000      0.000002    
21          4         10          10.2800     0.000018    
21          5         10          10.3200     0.000004    
21          6         10          10.0900     0.000002    
21          7         10          9.8200      0.000006    
21          8         10          10.1000     0.000007    
21          9         10          9.5800      0.000002    
22          0         10          9.7400      0.000000    
22          1         10          11.3500     0.000103    
22          2         10          8.9200      0.000038    
22          3         10          9.8000      0.000016    
22          4         10          10.2800     0.000021    
22          5         10          10.3200     0.000003    
22          6         10          10.0900     0.000002    
22          7         10          9.8200      0.000005    
22          8         10          10.1000     0.000003    
22          9         10          9.5800      0.000006    
23          0         10          9.7400      0.000000    
23          1         10          11.3500     0.000116    
23          2         10          8.9200      0.000021    
23          3         10          9.8000      0.000002    
23          4         10          10.2800     0.000013    
23          5         10          10.3200     0.000002    
23          6         10          10.0900     0.000001    
23          7         10          9.8200      0.000006    
23          8         10          10.1000     0.000006    
23          9         10          9.5800      0.000002    
24          0         10          9.7400      0.000000    
24          1         10          11.3500     0.000103    
24          2         10          8.9200      0.000026    
24          3         10          9.8000      0.000017    
24          4         10          10.2800     0.000013    
24          5         10          10.3200     0.000003    
24          6         10          10.0900     0.000001    
24          7         10          9.8200      0.000004    
24          8         10          10.1000     0.000003    
24          9         10          9.5800      0.000005    
25          0         10          9.7400      0.000000    
25          1         10          11.3500     0.000110    
25          2         10          8.9200      0.000033    
25          3         10          9.8000      0.000002    
25          4         10          10.2800     0.000012    
25          5         10          10.3200     0.000003    
25          6         10          10.0900     0.000002    
25          7         10          9.8200      0.000005    
25          8         10          10.1000     0.000008    
25          9         10          9.5800      0.000003    
26          0         10          9.7400      0.000000    
26          1         10          11.3500     0.000086    
26          2         10          8.9200      0.000023    
26          3         10          9.8000      0.000027    
26          4         10          10.2800     0.000022    
26          5         10          10.3200     0.000003    
26          6         10          10.0900     0.000001    
26          7         10          9.8200      0.000003    
26          8         10          10.1000     0.000003    
26          9         10          9.5800      0.000007    
27          0         10          9.7400      0.000000    
27          1         10          11.3500     0.000110    
27          2         10          8.9200      0.000019    
27          3         10          9.8000      0.000003    
27          4         10          10.2800     0.000010    
27          5         10          10.3200     0.000002    
27          6         10          10.0900     0.000002    
27          7         10          9.8200      0.000003    
27          8         10          10.1000     0.000008    
27          9         10          9.5800      0.000001    
28          0         10          9.7400      0.000000    
28          1         10          11.3500     0.000097    
28          2         10          8.9200      0.000030    
28          3         10          9.8000      0.000013    
28          4         10          10.2800     0.000025    
28          5         10          10.3200     0.000004    
28          6         10          10.0900     0.000002    
28          7         10          9.8200      0.000003    
28          8         10          10.1000     0.000003    
28          9         10          9.5800      0.000006    
29          0         10          9.7400      0.000000    
29          1         10          11.3500     0.000106    
29          2         10          8.9200      0.000026    
29          3         10          9.8000      0.000004    
29          4         10          10.2800     0.000011    
29          5         10          10.3200     0.000002    
29          6         10          10.0900     0.000001    
29          7         10          9.8200      0.000005    
29          8         10          10.1000     0.000010    
29          9         10          9.5800      0.000002    
30          0         10          9.7400      0.000000    
30          1         10          11.3500     0.000088    
30          2         10          8.9200      0.000019    
30          3         10          9.8000      0.000018    
30          4         10          10.2800     0.000033    
30          5         10          10.3200     0.000004    
30          6         10          10.0900     0.000001    
30          7         10          9.8200      0.000003    
30          8         10          10.1000     0.000001    
30          9         10          9.5800      0.000007    
31          0         10          9.7400      0.000000    
31          1         10          11.3500     0.000100    
31          2         10          8.9200      0.000022    
31          3         10          9.8000      0.000003    
31          4         10          10.2800     0.000009    
31          5         10          10.3200     0.000003    
31          6         10          10.0900     0.000002    
31          7         10          9.8200      0.000005    
31          8         10          10.1000     0.000012    
31          9         10          9.5800      0.000002    
32          0         10          9.7400      0.000000    
32          1         10          11.3500     0.000098    
32          2         10          8.9200      0.000024    
32          3         10          9.8000      0.000026    
32          4         10          10.2800     0.000034    
32          5         10          10.3200     0.000004    
32          6         10          10.0900     0.000002    
32          7         10          9.8200      0.000002    
32          8         10          10.1000     0.000004    
32          9         10          9.5800      0.000008    
33          0         10          9.7400      0.000000    
33          1         10          11.3500     0.000096    
33          2         10          8.9200      0.000030    
33          3         10          9.8000      0.000002    
33          4         10          10.2800     0.000011    
33          5         10          10.3200     0.000002    
33          6         10          10.0900     0.000002    
33          7         10          9.8200      0.000009    
33          8         10          10.1000     0.000007    
33          9         10          9.5800      0.000002    
34          0         10          9.7400      0.000000    
34          1         10          11.3500     0.000097    
34          2         10          8.9200      0.000021    
34          3         10          9.8000      0.000030    
34          4         10          10.2800     0.000022    
34          5         10          10.3200     0.000005    
34          6         10          10.0900     0.000001    
34          7         10          9.8200      0.000003    
34          8         10          10.1000     0.000003    
34          9         10          9.5800      0.000007    
35          0         10          9.7400      0.000000    
35          1         10          11.3500     0.000094    
35          2         10          8.9200      0.000022    
35          3         10          9.8000      0.000002    
35          4         10          10.2800     0.000008    
35          5         10          10.3200     0.000001    
35          6         10          10.0900     0.000001    
35          7         10          9.8200      0.000005    
35          8         10          10.1000     0.000012    
35          9         10          9.5800      0.000002    
36          0         10          9.7400      0.000000    
36          1         10          11.3500     0.000093    
36          2         10          8.9200      0.000013    
36          3         10          9.8000      0.000030    
36          4         10          10.2800     0.000027    
36          5         10          10.3200     0.000005    
36          6         10          10.0900     0.000001    
36          7         10          9.8200      0.000003    
36          8         10          10.1000     0.000002    
36          9         10          9.5800      0.000009    
37          0         10          9.7400      0.000000    
37          1         10          11.3500     0.000075    
37          2         10          8.9200      0.000025    
37          3         10          9.8000      0.000002    
37          4         10          10.2800     0.000008    
37          5         10          10.3200     0.000003    
37          6         10          10.0900     0.000002    
37          7         10          9.8200      0.000003    
37          8         10          10.1000     0.000008    
37          9         10          9.5800      0.000002    
38          0         10          9.7400      0.000000    
38          1         10          11.3500     0.000112    
38          2         10          8.9200      0.000017    
38          3         10          9.8000      0.000028    
38          4         10          10.2800     0.000039    
38          5         10          10.3200     0.000003    
38          6         10          10.0900     0.000001    
38          7         10          9.8200      0.000002    
38          8         10          10.1000     0.000003    
38          9         10          9.5800      0.000008    
39          0         10          9.7400      0.000002    
39          1         10          11.3500     0.000056    
39          2         10          8.9200      0.000018    
39          3         10          9.8000      0.000003    
39          4         10          10.2800     0.000012    
39          5         10          10.3200     0.000001    
39          6         10          10.0900     0.000001    
39          7         10          9.8200      0.000003    
39          8         10          10.1000     0.000011    
39          9         10          9.5800      0.000002    
40          0         10          9.7400      0.000001    
40          1         10          11.3500     0.000111    
40          2         10          8.9200      0.000014    
40          3         10          9.8000      0.000033    
40          4         10          10.2800     0.000032    
40          5         10          10.3200     0.000010    
40          6         10          10.0900     0.000001    
40          7         10          9.8200      0.000004    
40          8         10          10.1000     0.000002    
40          9         10          9.5800      0.000007    
41          0         10          9.7400      0.000000    
41          1         10          11.3500     0.000082    
41          2         10          8.9200      0.000038    
41          3         10          9.8000      0.000003    
41          4         10          10.2800     0.000015    
41          5         10          10.3200     0.000003    
41          6         10          10.0900     0.000008    
41          7         10          9.8200      0.000005    
41          8         10          10.1000     0.000020    
41          9         10          9.5800      0.000002    
42          0         10          9.7400      0.000000    
42          1         10          11.3500     0.000105    
42          2         10          8.9200      0.000035    
42          3         10          9.8000      0.000040    
42          4         10          10.2800     0.000041    
42          5         10          10.3200     0.000004    
42          6         10          10.0900     0.000002    
42          7         10          9.8200      0.000004    
42          8         10          10.1000     0.000003    
42          9         10          9.5800      0.000024    
43          0         10          9.7400      0.000000    
43          1         10          11.3500     0.000086    
43          2         10          8.9200      0.000031    
43          3         10          9.8000      0.000006    
43          4         10          10.2800     0.000016    
43          5         10          10.3200     0.000004    
43          6         10          10.0900     0.000002    
43          7         10          9.8200      0.000005    
43          8         10          10.1000     0.000017    
43          9         10          9.5800      0.000003    
44          0         10          9.7400      0.000000    
44          1         10          11.3500     0.000111    
44          2         10          8.9200      0.000018    
44          3         10          9.8000      0.000055    
44          4         10          10.2800     0.000025    
44          5         10          10.3200     0.000004    
44          6         10          10.0900     0.000001    
44          7         10          9.8200      0.000004    
44          8         10          10.1000     0.000003    
44          9         10          9.5800      0.000010    
45          0         10          9.7400      0.000001    
45          1         10          11.3500     0.000050    
45          2         10          8.9200      0.000028    
45          3         10          9.8000      0.000004    
45          4         10          10.2800     0.000008    
45          5         10          10.3200     0.000002    
45          6         10          10.0900     0.000001    
45          7         10          9.8200      0.000004    
45          8         10          10.1000     0.000006    
45          9         10          9.5800      0.000002    
46          0         10          9.7400      0.000000    
46          1         10          11.3500     0.000110    
46          2         10          8.9200      0.000013    
46          3         10          9.8000      0.000040    
46          4         10          10.2800     0.000046    
46          5         10          10.3200     0.000006    
46          6         10          10.0900     0.000000    
46          7         10          9.8200      0.000002    
46          8         10          10.1000     0.000002    
46          9         10          9.5800      0.000014    
47          0         10          9.7400      0.000000    
47          1         10          11.3500     0.000042    
47          2         10          8.9200      0.000018    
47          3         10          9.8000      0.000006    
47          4         10          10.2800     0.000009    
47          5         10          10.3200     0.000001    
47          6         10          10.0900     0.000002    
47          7         10          9.8200      0.000002    
47          8         10          10.1000     0.000016    
47          9         10          9.5800      0.000002    
48          0         10          9.7400      0.000000    
48          1         10          11.3500     0.000107    
48          2         10          8.9200      0.000016    
48          3         10          9.8000      0.000028    
48          4         10          10.2800     0.000031    
48          5         10          10.3200     0.000007    
48          6         10          10.0900     0.000000    
48          7         10          9.8200      0.000002    
48          8         10          10.1000     0.000003    
48          9         10          9.5800      0.000020    
49          0         10          9.7400      0.000001    
49          1         10          11.3500     0.000050    
49          2         10          8.9200      0.000020    
49          3         10          9.8000      0.000005    
49          4         10          10.2800     0.000004    
49          5         10          10.3200     0.000001    
49          6         10          10.0900     0.000004    
49          7         10          9.8200      0.000001    
49          8         10          10.1000     0.000006    
49          9         10          9.5800      0.000001    
50          0         10          9.7400      0.000000    
50          1         10          11.3500     0.000110    
50          2         10          8.9200      0.000013    
50          3         10          9.8000      0.000031    
50          4         10          10.2800     0.000061    
50          5         10          10.3200     0.000015    
50          6         10          10.0900     0.000001    
50          7         10          9.8200      0.000004    
50          8         10          10.1000     0.000002    
50          9         10          9.5800      0.000005    
