GlobalRnd   ClientID  LocEpoch    Accuracy    LR          Loss        GradNorm    
1           0         1           29.2800     0.010000    2.098879    0.000000    
1           1         1           32.7100     0.010000    2.066403    0.000000    
1           2         1           28.8200     0.010000    2.129294    0.000000    
1           3         1           31.0100     0.010000    2.060134    0.000000    
1           4         1           33.9400     0.010000    2.053832    0.000000    
2           0         1           38.9100     0.010000    1.862987    0.000000    
2           1         1           39.5200     0.010000    1.824628    0.000000    
2           2         1           32.5000     0.010000    1.926930    0.000000    
2           3         1           38.7100     0.010000    1.785039    0.000000    
2           4         1           41.0600     0.010000    1.781105    0.000000    
3           0         1           45.8700     0.010000    1.728666    0.000000    
3           1         1           44.2700     0.010000    1.688672    0.000000    
3           2         1           43.6100     0.010000    1.813744    0.000000    
3           3         1           44.4000     0.010000    1.625596    0.000000    
3           4         1           41.7400     0.010000    1.624206    0.000000    
4           0         1           43.0600     0.010000    1.632412    0.000000    
4           1         1           43.3900     0.010000    1.593407    0.000000    
4           2         1           48.5500     0.010000    1.737256    0.000000    
4           3         1           48.3700     0.010000    1.507967    0.000000    
4           4         1           47.4500     0.010000    1.498954    0.000000    
5           0         1           45.0900     0.010000    1.569316    0.000000    
5           1         1           49.3000     0.010000    1.528276    0.000000    
5           2         1           47.4500     0.010000    1.683843    0.000000    
5           3         1           51.6400     0.010000    1.428286    0.000000    
5           4         1           44.5700     0.010000    1.419736    0.000000    
6           0         1           51.0300     0.010000    1.512266    0.000000    
6           1         1           52.2700     0.010000    1.478928    0.000000    
6           2         1           49.2100     0.010000    1.644168    0.000000    
6           3         1           50.8100     0.010000    1.364371    0.000000    
6           4         1           50.6500     0.010000    1.356178    0.000000    
7           0         1           51.6400     0.010000    1.470090    0.000000    
7           1         1           51.2500     0.010000    1.433902    0.000000    
7           2         1           53.1900     0.010000    1.612003    0.000000    
7           3         1           51.9200     0.010000    1.315179    0.000000    
7           4         1           52.1000     0.010000    1.304219    0.000000    
8           0         1           53.2800     0.010000    1.431200    0.000000    
8           1         1           53.3800     0.010000    1.399157    0.000000    
8           2         1           50.7900     0.010000    1.584436    0.000000    
8           3         1           51.9900     0.010000    1.262573    0.000000    
8           4         1           49.0800     0.010000    1.263885    0.000000    
9           0         1           53.3000     0.010000    1.396747    0.000000    
9           1         1           53.5700     0.010000    1.362623    0.000000    
9           2         1           54.1400     0.010000    1.558512    0.000000    
9           3         1           54.3300     0.010000    1.228356    0.000000    
9           4         1           54.4900     0.010000    1.220913    0.000000    
10          0         1           54.9000     0.010000    1.363936    0.000000    
10          1         1           52.4200     0.010000    1.333953    0.000000    
10          2         1           53.6900     0.010000    1.535602    0.000000    
10          3         1           56.8000     0.010000    1.188853    0.000000    
10          4         1           56.4800     0.010000    1.192100    0.000000    
11          0         1           57.3300     0.010000    1.334656    0.000000    
11          1         1           56.1100     0.010000    1.304339    0.000000    
11          2         1           57.1500     0.010000    1.508051    0.000000    
11          3         1           56.1000     0.010000    1.150216    0.000000    
11          4         1           59.3700     0.010000    1.153306    0.000000    
12          0         1           58.4500     0.010000    1.306846    0.000000    
12          1         1           54.7000     0.010000    1.276627    0.000000    
12          2         1           56.0200     0.010000    1.490585    0.000000    
12          3         1           57.1600     0.010000    1.120671    0.000000    
12          4         1           58.9700     0.010000    1.116387    0.000000    
13          0         1           56.6300     0.010000    1.279509    0.000000    
13          1         1           59.3900     0.010000    1.253187    0.000000    
13          2         1           58.7100     0.010000    1.468462    0.000000    
13          3         1           59.2000     0.010000    1.091095    0.000000    
13          4         1           60.9200     0.010000    1.088157    0.000000    
14          0         1           56.4400     0.010000    1.253434    0.000000    
14          1         1           59.7500     0.010000    1.227005    0.000000    
14          2         1           57.9900     0.010000    1.451074    0.000000    
14          3         1           58.9700     0.010000    1.061313    0.000000    
14          4         1           61.1800     0.010000    1.062203    0.000000    
15          0         1           58.2000     0.010000    1.228051    0.000000    
15          1         1           59.5800     0.010000    1.204078    0.000000    
15          2         1           61.5100     0.010000    1.432660    0.000000    
15          3         1           61.3600     0.010000    1.033187    0.000000    
15          4         1           60.8900     0.010000    1.035891    0.000000    
16          0         1           58.1500     0.010000    1.206374    0.000000    
16          1         1           56.3100     0.010000    1.181333    0.000000    
16          2         1           60.1000     0.010000    1.413665    0.000000    
16          3         1           62.5300     0.010000    1.009153    0.000000    
16          4         1           60.8500     0.010000    1.010980    0.000000    
17          0         1           60.0100     0.010000    1.181463    0.000000    
17          1         1           62.2600     0.010000    1.157919    0.000000    
17          2         1           59.9000     0.010000    1.396004    0.000000    
17          3         1           59.9000     0.010000    0.978876    0.000000    
17          4         1           59.4400     0.010000    0.982082    0.000000    
18          0         1           61.2000     0.010000    1.157434    0.000000    
18          1         1           59.9100     0.010000    1.140597    0.000000    
18          2         1           61.9900     0.010000    1.379167    0.000000    
18          3         1           62.7000     0.010000    0.958837    0.000000    
18          4         1           63.8900     0.010000    0.962700    0.000000    
19          0         1           62.0400     0.010000    1.139593    0.000000    
19          1         1           58.5600     0.010000    1.116521    0.000000    
19          2         1           60.9700     0.010000    1.361227    0.000000    
19          3         1           64.1900     0.010000    0.933943    0.000000    
19          4         1           63.2200     0.010000    0.936807    0.000000    
20          0         1           64.0000     0.010000    1.122219    0.000000    
20          1         1           64.6000     0.010000    1.100539    0.000000    
20          2         1           60.9400     0.010000    1.348910    0.000000    
20          3         1           63.5000     0.010000    0.913486    0.000000    
20          4         1           60.6200     0.010000    0.921387    0.000000    
21          0         1           59.8900     0.010000    1.104956    0.000000    
21          1         1           62.9500     0.010000    1.086058    0.000000    
21          2         1           61.5800     0.010000    1.332453    0.000000    
21          3         1           59.0400     0.010000    0.893856    0.000000    
21          4         1           63.6300     0.010000    0.896877    0.000000    
22          0         1           62.0000     0.010000    1.084849    0.000000    
22          1         1           64.7400     0.010000    1.066684    0.000000    
22          2         1           61.8700     0.010000    1.317958    0.000000    
22          3         1           64.2800     0.010000    0.870774    0.000000    
22          4         1           63.8200     0.010000    0.878020    0.000000    
23          0         1           64.8800     0.010000    1.068572    0.000000    
23          1         1           66.2100     0.010000    1.050489    0.000000    
23          2         1           63.9000     0.010000    1.299077    0.000000    
23          3         1           66.3500     0.010000    0.849707    0.000000    
23          4         1           65.1800     0.010000    0.854720    0.000000    
24          0         1           59.9700     0.010000    1.055392    0.000000    
24          1         1           64.0700     0.010000    1.029979    0.000000    
24          2         1           65.8300     0.010000    1.286444    0.000000    
24          3         1           62.6400     0.010000    0.832555    0.000000    
24          4         1           65.0600     0.010000    0.835952    0.000000    
25          0         1           64.5900     0.010000    1.025825    0.000000    
25          1         1           65.0700     0.010000    1.010780    0.000000    
25          2         1           65.2000     0.010000    1.270850    0.000000    
25          3         1           66.6000     0.010000    0.817183    0.000000    
25          4         1           64.1500     0.010000    0.814456    0.000000    
26          0         1           65.6200     0.010000    1.008008    0.000000    
26          1         1           64.6600     0.010000    0.991151    0.000000    
26          2         1           62.3700     0.010000    1.256706    0.000000    
26          3         1           67.7500     0.010000    0.789633    0.000000    
26          4         1           65.2900     0.010000    0.794915    0.000000    
27          0         1           63.5700     0.010000    0.991393    0.000000    
27          1         1           65.5500     0.010000    0.975305    0.000000    
27          2         1           66.4300     0.010000    1.239835    0.000000    
27          3         1           67.5900     0.010000    0.776078    0.000000    
27          4         1           65.2900     0.010000    0.779400    0.000000    
28          0         1           62.2900     0.010000    0.970966    0.000000    
28          1         1           66.1900     0.010000    0.956244    0.000000    
28          2         1           64.1700     0.010000    1.224367    0.000000    
28          3         1           67.5900     0.010000    0.754828    0.000000    
28          4         1           67.3100     0.010000    0.755196    0.000000    
29          0         1           63.8200     0.010000    0.956037    0.000000    
29          1         1           64.9200     0.010000    0.943322    0.000000    
29          2         1           64.8000     0.010000    1.211007    0.000000    
29          3         1           67.9800     0.010000    0.736769    0.000000    
29          4         1           66.4900     0.010000    0.738893    0.000000    
30          0         1           65.5600     0.010000    0.936010    0.000000    
30          1         1           63.4300     0.010000    0.920857    0.000000    
30          2         1           65.0200     0.010000    1.190964    0.000000    
30          3         1           68.0500     0.010000    0.716826    0.000000    
30          4         1           65.4100     0.010000    0.719439    0.000000    
31          0         1           66.5700     0.010000    0.919115    0.000000    
31          1         1           65.9300     0.010000    0.903238    0.000000    
31          2         1           63.9800     0.010000    1.177330    0.000000    
31          3         1           69.2300     0.010000    0.696467    0.000000    
31          4         1           67.9800     0.010000    0.701262    0.000000    
32          0         1           64.2800     0.010000    0.900399    0.000000    
32          1         1           65.8700     0.010000    0.889480    0.000000    
32          2         1           64.2700     0.010000    1.159922    0.000000    
32          3         1           69.3300     0.010000    0.684287    0.000000    
32          4         1           67.1600     0.010000    0.681584    0.000000    
33          0         1           65.8300     0.010000    0.886043    0.000000    
33          1         1           67.0400     0.010000    0.874156    0.000000    
33          2         1           67.8800     0.010000    1.142664    0.000000    
33          3         1           66.2200     0.010000    0.664017    0.000000    
33          4         1           68.6700     0.010000    0.663383    0.000000    
34          0         1           64.2300     0.010000    0.867242    0.000000    
34          1         1           68.9600     0.010000    0.853142    0.000000    
34          2         1           67.3900     0.010000    1.125650    0.000000    
34          3         1           67.5100     0.010000    0.644726    0.000000    
34          4         1           67.5300     0.010000    0.643109    0.000000    
35          0         1           65.9600     0.010000    0.848317    0.000000    
35          1         1           66.0100     0.010000    0.835678    0.000000    
35          2         1           63.7200     0.010000    1.100349    0.000000    
35          3         1           68.2400     0.010000    0.628897    0.000000    
35          4         1           69.9600     0.010000    0.629153    0.000000    
36          0         1           66.7000     0.010000    0.828752    0.000000    
36          1         1           66.6200     0.010000    0.813804    0.000000    
36          2         1           63.8200     0.010000    1.084286    0.000000    
36          3         1           69.0500     0.010000    0.610926    0.000000    
36          4         1           69.1300     0.010000    0.612812    0.000000    
37          0         1           66.5100     0.010000    0.807346    0.000000    
37          1         1           67.1500     0.010000    0.796435    0.000000    
37          2         1           63.3700     0.010000    1.068415    0.000000    
37          3         1           69.4600     0.010000    0.597351    0.000000    
37          4         1           67.8200     0.010000    0.594385    0.000000    
38          0         1           61.5500     0.010000    0.789171    0.000000    
38          1         1           66.6000     0.010000    0.779546    0.000000    
38          2         1           64.4000     0.010000    1.049338    0.000000    
38          3         1           66.2800     0.010000    0.574846    0.000000    
38          4         1           67.9600     0.010000    0.578486    0.000000    
39          0         1           67.3400     0.010000    0.769558    0.000000    
39          1         1           66.1600     0.010000    0.759615    0.000000    
39          2         1           65.5300     0.010000    1.029941    0.000000    
39          3         1           68.7000     0.010000    0.556238    0.000000    
39          4         1           67.1200     0.010000    0.558067    0.000000    
40          0         1           64.4300     0.010000    0.750648    0.000000    
40          1         1           66.3400     0.010000    0.740358    0.000000    
40          2         1           64.3000     0.010000    1.007522    0.000000    
40          3         1           67.5400     0.010000    0.534803    0.000000    
40          4         1           68.5500     0.010000    0.537622    0.000000    
41          0         1           66.7700     0.010000    0.729282    0.000000    
41          1         1           66.5100     0.010000    0.720104    0.000000    
41          2         1           63.1700     0.010000    0.987545    0.000000    
41          3         1           67.8800     0.010000    0.514802    0.000000    
41          4         1           66.3200     0.010000    0.516312    0.000000    
42          0         1           64.9800     0.010000    0.709271    0.000000    
42          1         1           65.6500     0.010000    0.698819    0.000000    
42          2         1           65.0700     0.010000    0.970742    0.000000    
42          3         1           66.4100     0.010000    0.499514    0.000000    
42          4         1           69.3200     0.010000    0.504924    0.000000    
43          0         1           66.7800     0.010000    0.686833    0.000000    
43          1         1           68.2200     0.010000    0.681744    0.000000    
43          2         1           64.5600     0.010000    0.944243    0.000000    
43          3         1           67.3900     0.010000    0.483723    0.000000    
43          4         1           68.6600     0.010000    0.486415    0.000000    
44          0         1           62.4600     0.010000    0.666203    0.000000    
44          1         1           67.4100     0.010000    0.661525    0.000000    
44          2         1           64.6300     0.010000    0.917860    0.000000    
44          3         1           69.2800     0.010000    0.468156    0.000000    
44          4         1           67.8100     0.010000    0.469180    0.000000    
45          0         1           66.1300     0.010000    0.648089    0.000000    
45          1         1           67.4700     0.010000    0.642080    0.000000    
45          2         1           65.8600     0.010000    0.898340    0.000000    
45          3         1           69.1000     0.010000    0.449917    0.000000    
45          4         1           67.1000     0.010000    0.446282    0.000000    
46          0         1           64.0800     0.010000    0.633649    0.000000    
46          1         1           67.3600     0.010000    0.626169    0.000000    
46          2         1           63.7400     0.010000    0.872766    0.000000    
46          3         1           68.4000     0.010000    0.431871    0.000000    
46          4         1           67.4400     0.010000    0.427588    0.000000    
47          0         1           67.4900     0.010000    0.603242    0.000000    
47          1         1           66.2000     0.010000    0.598420    0.000000    
47          2         1           64.4700     0.010000    0.847875    0.000000    
47          3         1           67.5600     0.010000    0.409987    0.000000    
47          4         1           68.4500     0.010000    0.413301    0.000000    
48          0         1           64.4400     0.010000    0.583122    0.000000    
48          1         1           62.6900     0.010000    0.579713    0.000000    
48          2         1           65.5700     0.010000    0.824748    0.000000    
48          3         1           69.6800     0.010000    0.392168    0.000000    
48          4         1           62.6600     0.010000    0.401565    0.000000    
49          0         1           62.9700     0.010000    0.561992    0.000000    
49          1         1           65.0000     0.010000    0.558850    0.000000    
49          2         1           65.2500     0.010000    0.796537    0.000000    
49          3         1           69.1200     0.010000    0.376857    0.000000    
49          4         1           66.6900     0.010000    0.378180    0.000000    
50          0         1           62.7000     0.010000    0.532171    0.000000    
50          1         1           66.4500     0.010000    0.542509    0.000000    
50          2         1           62.8300     0.010000    0.772756    0.000000    
50          3         1           67.0600     0.010000    0.362619    0.000000    
50          4         1           68.2600     0.010000    0.362038    0.000000    
