GlobalRnd   ClientID  LocEpoch    Accuracy    LR          Loss        GradNorm    
1           0         1           79.9800     0.076019    0.404559    2.769457    
1           1         1           59.1500     0.060623    0.413143    2.811723    
1           2         1           60.5700     0.110693    0.340918    2.134734    
2           0         1           81.8200     0.103883    0.157635    1.978856    
2           1         1           66.7100     0.088549    0.145112    2.050029    
2           2         1           66.6600     0.123783    0.134474    1.760732    
3           0         1           77.3200     0.150370    0.100923    1.459285    
3           1         1           68.9900     0.123497    0.092097    1.487286    
3           2         1           73.1600     0.123613    0.082652    1.377683    
4           0         1           87.5200     0.162373    0.071438    1.154085    
4           1         1           82.4900     0.129973    0.071646    1.296617    
4           2         1           82.4800     0.142215    0.060656    1.148137    
5           0         1           84.8400     0.158102    0.061818    1.109502    
5           1         1           81.9200     0.146262    0.065540    1.173004    
5           2         1           79.7100     0.144036    0.058331    1.150693    
6           0         1           89.2500     0.165220    0.058625    1.089730    
6           1         1           87.5000     0.150798    0.051200    1.071301    
6           2         1           85.5000     0.168778    0.050026    0.989947    
7           0         1           92.4500     0.163623    0.054841    1.074406    
7           1         1           83.3900     0.181710    0.048323    0.955366    
7           2         1           89.3000     0.149536    0.044448    0.986063    
8           0         1           93.0600     0.173032    0.044250    0.941638    
8           1         1           89.5300     0.187031    0.039557    0.899401    
8           2         1           91.8400     0.161749    0.033024    0.874626    
9           0         1           93.5400     0.148041    0.042677    0.948650    
9           1         1           84.8900     0.195418    0.035787    0.894861    
9           2         1           84.9000     0.182166    0.039305    0.903547    
10          0         1           93.2400     0.223087    0.046213    0.993897    
10          1         1           84.9800     0.173503    0.038128    0.941169    
10          2         1           95.0100     0.188688    0.030865    0.829170    
11          0         1           92.7600     0.157015    0.040384    0.926676    
11          1         1           90.3700     0.182350    0.031391    0.862324    
11          2         1           93.7200     0.204254    0.031766    0.819573    
12          0         1           95.1900     0.179069    0.039198    0.951312    
12          1         1           91.2800     0.212767    0.028292    0.808016    
12          2         1           95.4300     0.222653    0.026662    0.770071    
13          0         1           96.1900     0.225271    0.032322    0.843901    
13          1         1           91.5600     0.258546    0.031919    0.869355    
13          2         1           88.5100     0.209009    0.035380    0.915619    
14          0         1           95.6100     0.195038    0.032548    0.850136    
14          1         1           93.8500     0.196988    0.029035    0.818223    
14          2         1           94.3700     0.238109    0.026355    0.804430    
15          0         1           94.6700     0.199319    0.030521    0.832825    
15          1         1           91.7700     0.326561    0.024682    0.758938    
15          2         1           96.2700     0.334962    0.029232    0.827704    
16          0         1           96.8900     0.183559    0.031509    0.915135    
16          1         1           92.9600     0.241668    0.026867    0.794150    
16          2         1           94.9700     0.245786    0.029072    0.868965    
17          0         1           94.6500     0.183267    0.034479    0.922350    
17          1         1           93.2400     0.235547    0.028180    0.845742    
17          2         1           96.7000     0.307898    0.026190    0.843245    
18          0         1           96.4000     0.196225    0.032679    0.935662    
18          1         1           92.6200     0.229598    0.023730    0.776881    
18          2         1           96.5400     0.269239    0.025455    0.826170    
19          0         1           96.8100     0.172969    0.027629    0.832345    
19          1         1           94.9500     0.227950    0.024901    0.824063    
19          2         1           96.8800     0.402811    0.022984    0.740586    
20          0         1           93.8700     0.192301    0.026167    0.861548    
20          1         1           93.2600     0.338852    0.026086    0.839002    
20          2         1           96.5100     0.347431    0.023518    0.771242    
21          0         1           96.7500     0.292169    0.030341    0.895661    
21          1         1           93.4700     0.432885    0.025231    0.799620    
21          2         1           94.9400     0.303866    0.024241    0.778659    
22          0         1           97.3800     0.185883    0.025072    0.851514    
22          1         1           95.5100     0.362582    0.021760    0.765313    
22          2         1           93.1500     0.243987    0.024108    0.762019    
23          0         1           96.5900     0.249864    0.024770    0.825919    
23          1         1           94.4700     0.315723    0.020188    0.752061    
23          2         1           96.7800     0.215652    0.027812    0.877036    
24          0         1           96.7500     0.284572    0.026959    0.885467    
24          1         1           92.7000     0.234892    0.028308    0.883686    
24          2         1           97.3400     0.246417    0.024220    0.811766    
25          0         1           97.3800     0.285941    0.024905    0.822182    
25          1         1           92.8800     0.518742    0.020485    0.743210    
25          2         1           95.3600     0.229657    0.032350    0.890059    
26          0         1           98.0400     0.213127    0.027876    0.871857    
26          1         1           95.1200     0.333706    0.025243    0.851857    
26          2         1           91.1900     0.160914    0.027665    0.934679    
27          0         1           94.0400     0.340118    0.026744    0.878106    
27          1         1           94.9400     0.215120    0.023102    0.781342    
27          2         1           96.3800     0.412504    0.023616    0.819739    
28          0         1           96.2700     0.360772    0.024298    0.766947    
28          1         1           90.7300     0.300722    0.023743    0.789000    
28          2         1           95.6300     0.391032    0.018834    0.697739    
29          0         1           97.4500     0.177345    0.028500    0.919437    
29          1         1           94.7000     0.211946    0.022067    0.832907    
29          2         1           95.0800     0.461546    0.019412    0.726200    
30          0         1           97.7400     0.269292    0.024215    0.846904    
30          1         1           92.8300     0.251315    0.023928    0.745465    
30          2         1           97.5300     0.345313    0.020095    0.724497    
31          0         1           97.3100     0.289190    0.023844    0.834352    
31          1         1           94.9800     0.283062    0.021978    0.785108    
31          2         1           96.3000     0.501833    0.023271    0.823034    
32          0         1           97.6100     0.298901    0.022275    0.779977    
32          1         1           94.1200     0.356005    0.024954    0.804254    
32          2         1           88.8000     0.286845    0.021364    0.836528    
33          0         1           98.0600     0.245171    0.022531    0.766366    
33          1         1           96.0400     0.250046    0.018358    0.732443    
33          2         1           97.1200     0.484300    0.019456    0.779723    
34          0         1           96.4600     0.330586    0.019074    0.735884    
34          1         1           95.8200     0.349543    0.015147    0.643317    
34          2         1           97.7500     0.204513    0.020926    0.823984    
35          0         1           98.0600     0.292039    0.017937    0.719884    
35          1         1           93.3600     0.444084    0.017575    0.759742    
35          2         1           97.2800     0.155663    0.023437    0.889392    
36          0         1           98.2300     0.355821    0.020997    0.777552    
36          1         1           96.3800     0.354629    0.017609    0.763159    
36          2         1           97.2900     0.246172    0.021821    0.861706    
37          0         1           98.0900     0.544010    0.023439    0.829767    
37          1         1           96.9300     0.170117    0.023140    0.865987    
37          2         1           97.3200     0.386791    0.022554    0.806820    
38          0         1           98.2100     0.507871    0.018033    0.697809    
38          1         1           96.1200     0.214163    0.015707    0.658675    
38          2         1           97.0800     0.344439    0.025862    0.948556    
39          0         1           98.0600     0.349529    0.018275    0.744868    
39          1         1           96.5600     0.298899    0.015739    0.704602    
39          2         1           97.6800     0.279939    0.021390    0.859925    
40          0         1           97.6500     0.304389    0.025869    0.877354    
40          1         1           97.5100     0.288895    0.015858    0.724957    
40          2         1           97.3800     0.345774    0.021453    0.813258    
41          0         1           97.8900     0.170201    0.021870    0.837564    
41          1         1           96.4300     0.324068    0.016457    0.766919    
41          2         1           98.1400     0.114759    0.027846    0.988863    
42          0         1           97.5900     0.378282    0.020662    0.750916    
42          1         1           96.7900     0.229655    0.017027    0.709226    
42          2         1           96.5900     0.202880    0.020164    0.788858    
43          0         1           98.5400     0.402485    0.024928    0.834303    
43          1         1           95.6000     0.359331    0.015980    0.700149    
43          2         1           97.4400     0.196691    0.020445    0.807357    
44          0         1           98.1000     0.398280    0.019952    0.795439    
44          1         1           96.4300     0.462199    0.017369    0.688389    
44          2         1           97.8300     0.238718    0.017707    0.705679    
45          0         1           98.4700     0.395366    0.019283    0.804760    
45          1         1           95.9200     0.372653    0.019714    0.745908    
45          2         1           96.2900     0.214027    0.021199    0.798475    
46          0         1           98.0500     0.238768    0.015671    0.650337    
46          1         1           95.0300     0.388425    0.014377    0.665317    
46          2         1           97.6000     0.327219    0.014765    0.687517    
47          0         1           97.7200     0.277219    0.018218    0.710413    
47          1         1           95.9200     0.298537    0.018367    0.776809    
47          2         1           97.3100     0.544755    0.018703    0.771665    
48          0         1           97.6100     0.412250    0.018610    0.775927    
48          1         1           96.9500     0.441413    0.014256    0.708593    
48          2         1           93.8800     0.136739    0.022924    0.892930    
49          0         1           97.5300     0.502909    0.019366    0.712305    
49          1         1           97.0400     0.200617    0.014816    0.710112    
49          2         1           98.2100     0.235603    0.017487    0.769568    
50          0         1           98.1900     0.356138    0.019325    0.770056    
50          1         1           96.9800     0.300190    0.014862    0.672430    
50          2         1           97.7000     0.284360    0.018813    0.781773    
51          0         1           97.5700     0.515093    0.025603    0.838069    
51          1         1           96.2700     0.360159    0.014551    0.670293    
51          2         1           95.9300     0.150790    0.017986    0.830407    
52          0         1           97.1800     0.689181    0.018550    0.744540    
52          1         1           97.2500     0.233714    0.015151    0.656628    
52          2         1           97.0400     0.317325    0.018836    0.729607    
53          0         1           98.1100     0.500593    0.016992    0.727845    
53          1         1           97.5200     0.203965    0.012591    0.629221    
53          2         1           97.4400     0.183959    0.018979    0.800201    
54          0         1           97.8800     0.798593    0.018354    0.721549    
54          1         1           96.3400     0.311909    0.013895    0.678755    
54          2         1           97.7800     0.365833    0.018906    0.789198    
55          0         1           98.3800     0.598315    0.016029    0.671276    
55          1         1           97.6800     0.193593    0.013703    0.662376    
55          2         1           97.7500     0.530566    0.018685    0.782396    
56          0         1           97.9900     0.178053    0.018069    0.752885    
56          1         1           95.7700     0.136846    0.014640    0.685234    
56          2         1           97.6300     0.187937    0.017324    0.705251    
57          0         1           98.2500     0.214662    0.017618    0.755322    
57          1         1           96.0600     0.091101    0.016014    0.731325    
57          2         1           98.6600     0.158238    0.016594    0.797442    
58          0         1           98.3200     0.192002    0.013434    0.628402    
58          1         1           97.0200     0.384210    0.015138    0.640636    
58          2         1           98.3000     0.331768    0.015056    0.695544    
59          0         1           98.0700     0.305303    0.014684    0.648781    
59          1         1           97.6200     0.385853    0.014366    0.672792    
59          2         1           97.7700     0.092320    0.018285    0.805084    
60          0         1           97.3900     0.321778    0.016081    0.690905    
60          1         1           97.4800     0.400405    0.015784    0.655398    
60          2         1           97.1900     0.167225    0.017814    0.761043    
61          0         1           98.3900     0.445391    0.019428    0.770211    
61          1         1           95.9500     0.863074    0.014039    0.630997    
61          2         1           98.1200     0.215695    0.013388    0.681834    
62          0         1           98.3400     0.345339    0.019670    0.828118    
62          1         1           97.3100     0.314947    0.017250    0.730797    
62          2         1           96.6900     0.451414    0.019160    0.826667    
63          0         1           97.9500     0.282598    0.015037    0.660816    
63          1         1           96.1400     0.205865    0.014600    0.701523    
63          2         1           97.7600     0.368035    0.015233    0.680371    
64          0         1           96.9700     0.491204    0.017489    0.783409    
64          1         1           97.9100     0.287195    0.011949    0.578917    
64          2         1           96.8100     0.245367    0.016705    0.729121    
65          0         1           97.9900     0.183848    0.016264    0.744006    
65          1         1           96.4200     0.234680    0.011204    0.595422    
65          2         1           98.1500     0.291007    0.017509    0.754611    
66          0         1           97.7600     0.235619    0.021518    0.815131    
66          1         1           97.0400     0.146409    0.011829    0.616691    
66          2         1           97.4400     0.318140    0.013737    0.736516    
67          0         1           98.2200     0.464227    0.013823    0.627127    
67          1         1           95.7200     0.531712    0.013636    0.622926    
67          2         1           98.3200     0.223350    0.009669    0.553402    
68          0         1           98.1200     0.553183    0.012715    0.596388    
68          1         1           97.3800     0.152371    0.009799    0.585975    
68          2         1           98.0300     0.295727    0.014353    0.709139    
69          0         1           98.3500     0.388325    0.013075    0.633127    
69          1         1           96.5800     0.776277    0.011715    0.540197    
69          2         1           97.9800     0.289306    0.011839    0.595108    
70          0         1           98.4000     0.453107    0.011716    0.576794    
70          1         1           96.9000     0.254423    0.012840    0.637214    
70          2         1           97.8900     0.258045    0.011962    0.620605    
71          0         1           98.6100     0.194526    0.014648    0.659653    
71          1         1           97.8100     0.202552    0.013137    0.648393    
71          2         1           97.7100     0.079056    0.013953    0.751144    
72          0         1           98.3000     0.135009    0.016082    0.743964    
72          1         1           96.7200     0.086138    0.010978    0.588335    
72          2         1           97.8600     0.081646    0.014266    0.740736    
73          0         1           98.5600     0.291275    0.011931    0.583689    
73          1         1           97.6200     0.217285    0.009697    0.577838    
73          2         1           97.8900     0.249632    0.010376    0.606739    
74          0         1           98.6000     0.293692    0.014038    0.703370    
74          1         1           96.7300     0.334471    0.011671    0.569502    
74          2         1           96.7300     0.088269    0.013834    0.694030    
75          0         1           98.3700     0.280552    0.012692    0.640820    
75          1         1           97.7400     0.209808    0.009487    0.556750    
75          2         1           98.5200     0.079904    0.012255    0.667413    
76          0         1           98.1700     0.326009    0.011757    0.578218    
76          1         1           97.7400     0.118978    0.009905    0.583957    
76          2         1           98.3700     0.091727    0.015665    0.772971    
77          0         1           97.9100     0.170839    0.013496    0.662920    
77          1         1           96.0200     0.126431    0.012054    0.674705    
77          2         1           97.6900     0.109497    0.013934    0.650797    
78          0         1           98.1600     0.297374    0.010922    0.550192    
78          1         1           97.8200     0.208909    0.008455    0.538700    
78          2         1           98.3100     0.154754    0.013192    0.676714    
79          0         1           98.1600     0.215833    0.012184    0.608301    
79          1         1           97.3400     0.146766    0.008930    0.549644    
79          2         1           97.8900     0.173509    0.016202    0.776981    
80          0         1           98.3800     0.424559    0.010740    0.580663    
80          1         1           97.6600     0.666084    0.008092    0.524880    
80          2         1           97.3600     0.058725    0.010670    0.605065    
81          0         1           98.7200     0.423861    0.010869    0.603909    
81          1         1           97.9800     0.122652    0.007792    0.502922    
81          2         1           98.2000     0.090947    0.010874    0.636338    
82          0         1           98.3300     0.138478    0.010806    0.584313    
82          1         1           97.7700     0.038732    0.009086    0.574134    
82          2         1           98.5300     0.058430    0.014861    0.726511    
83          0         1           98.3500     0.106644    0.011351    0.615123    
83          1         1           97.8400     0.070074    0.009593    0.604662    
83          2         1           98.0900     0.218434    0.012173    0.634334    
84          0         1           98.2300     0.280402    0.012020    0.604854    
84          1         1           98.3900     0.029841    0.009058    0.594671    
84          2         1           98.3400     0.115972    0.014254    0.789983    
85          0         1           98.5200     0.512556    0.010752    0.575693    
85          1         1           97.7100     0.210563    0.010664    0.639471    
85          2         1           97.2600     0.078649    0.012718    0.686828    
86          0         1           98.5600     0.200948    0.014046    0.697858    
86          1         1           97.5300     0.486914    0.008888    0.545180    
86          2         1           94.4400     0.130314    0.011946    0.648651    
87          0         1           98.0700     0.188224    0.011427    0.608810    
87          1         1           97.5700     0.402391    0.007162    0.477228    
87          2         1           97.5700     0.163069    0.013580    0.779471    
88          0         1           98.1100     0.792651    0.015299    0.685879    
88          1         1           97.9700     0.137214    0.009600    0.565365    
88          2         1           97.0900     0.154622    0.015394    0.729126    
89          0         1           98.3800     0.148035    0.011386    0.599702    
89          1         1           97.2600     0.101863    0.009764    0.564014    
89          2         1           97.9900     0.235770    0.008632    0.575221    
90          0         1           98.5300     0.486121    0.008619    0.517358    
90          1         1           98.2100     0.422001    0.007047    0.487066    
90          2         1           98.3900     0.098060    0.010136    0.612346    
91          0         1           98.5400     0.330457    0.012124    0.611484    
91          1         1           97.9600     0.173237    0.009093    0.563042    
91          2         1           98.5100     0.108726    0.009957    0.609760    
92          0         1           98.8500     0.136133    0.009198    0.545086    
92          1         1           98.0800     0.047264    0.006321    0.450491    
92          2         1           98.6000     0.122343    0.010791    0.646241    
93          0         1           98.5500     0.115919    0.013438    0.662025    
93          1         1           97.7000     0.101290    0.010211    0.589766    
93          2         1           98.4000     0.099240    0.010814    0.621720    
94          0         1           98.5800     0.223159    0.008946    0.530543    
94          1         1           97.6700     0.134291    0.007765    0.501889    
94          2         1           98.1700     0.200810    0.010159    0.622342    
95          0         1           98.7900     0.353639    0.010718    0.583148    
95          1         1           97.9700     0.155880    0.007667    0.531040    
95          2         1           98.1300     0.107750    0.010963    0.597254    
96          0         1           98.0100     0.081349    0.015270    0.719239    
96          1         1           97.9600     0.124556    0.005414    0.409501    
96          2         1           98.4800     0.090731    0.008514    0.564106    
97          0         1           98.5200     0.223099    0.009007    0.550184    
97          1         1           97.8300     0.078010    0.007334    0.510569    
97          2         1           98.2600     0.106446    0.007323    0.514913    
98          0         1           98.7400     0.051653    0.011586    0.670759    
98          1         1           96.1000     0.138491    0.010512    0.629971    
98          2         1           97.9600     0.073919    0.007091    0.550276    
99          0         1           98.4900     0.537760    0.008135    0.562095    
99          1         1           98.4600     0.134047    0.006030    0.462544    
99          2         1           98.5600     0.148102    0.010029    0.636658    
100         0         1           98.4100     0.163222    0.009181    0.540884    
100         1         1           98.0800     0.014422    0.009747    0.640139    
100         2         1           98.5400     0.031446    0.007397    0.518573    
101         0         1           98.5100     0.503440    0.007217    0.491832    
101         1         1           97.7200     0.344449    0.008007    0.522152    
101         2         1           98.6700     0.061144    0.011021    0.669331    
102         0         1           98.8300     0.411370    0.009305    0.557903    
102         1         1           98.0300     0.193886    0.006300    0.445849    
102         2         1           96.3900     0.148053    0.009634    0.541399    
103         0         1           98.4600     0.388776    0.007809    0.487015    
103         1         1           97.8700     0.145905    0.009230    0.602039    
103         2         1           98.5700     0.211929    0.008001    0.575385    
104         0         1           98.2900     0.172367    0.008168    0.481744    
104         1         1           97.9400     0.082775    0.009102    0.606225    
104         2         1           98.5100     0.176447    0.012490    0.708281    
105         0         1           98.0900     0.194785    0.008265    0.512001    
105         1         1           97.8100     0.048659    0.008559    0.520393    
105         2         1           98.2400     0.067218    0.009161    0.583983    
106         0         1           98.7400     0.058098    0.007479    0.476023    
106         1         1           98.2200     0.018325    0.006450    0.494136    
106         2         1           98.4100     0.055636    0.007524    0.540440    
107         0         1           98.7900     0.221152    0.012573    0.677045    
107         1         1           98.2600     0.036168    0.009233    0.602509    
107         2         1           98.4100     0.073372    0.007515    0.485189    
108         0         1           98.8700     0.479822    0.010897    0.611752    
108         1         1           97.5900     0.514174    0.008168    0.544533    
108         2         1           98.3700     0.024964    0.009705    0.582855    
109         0         1           98.8700     0.092865    0.007844    0.502213    
109         1         1           97.9200     0.070924    0.008959    0.590586    
109         2         1           98.4200     0.052795    0.013482    0.863318    
110         0         1           99.0700     0.000020    0.011556    0.673719    
110         1         1           98.0100     0.091420    0.007360    0.509886    
110         2         1           97.5000     0.032112    0.008540    0.549600    
111         0         1           99.0000     0.000093    0.014317    0.805124    
111         1         1           98.5100     0.027150    0.012127    0.780043    
111         2         1           98.7400     0.129703    0.009189    0.639768    
112         0         1           98.2100     0.060450    0.011838    0.688278    
112         1         1           97.0800     0.070160    0.008809    0.566080    
112         2         1           98.2900     0.073446    0.007893    0.563087    
113         0         1           98.5800     0.101996    0.007408    0.476988    
113         1         1           97.9600     0.048238    0.005174    0.405749    
113         2         1           98.6000     0.141277    0.008297    0.583244    
114         0         1           98.7500     0.082207    0.010441    0.625059    
114         1         1           97.8800     0.215062    0.005632    0.439961    
114         2         1           98.6900     0.130158    0.008705    0.610088    
115         0         1           98.2300     0.433084    0.006294    0.440023    
115         1         1           98.0000     0.479997    0.005173    0.428891    
115         2         1           98.5600     0.039717    0.009994    0.632559    
116         0         1           98.5300     0.111524    0.006366    0.478216    
116         1         1           97.9600     0.103175    0.006725    0.488488    
116         2         1           98.5800     0.085767    0.006585    0.517430    
117         0         1           99.0200     0.000062    0.011436    0.685330    
117         1         1           98.5000     0.029268    0.005413    0.416099    
117         2         1           97.9100     0.072451    0.010328    0.626384    
118         0         1           99.0400     0.000139    0.010852    0.663013    
118         1         1           98.3200     0.116601    0.005966    0.450105    
118         2         1           98.7800     0.026072    0.006852    0.509849    
119         0         1           98.9900     0.000015    0.012020    0.715240    
119         1         1           98.2100     0.039914    0.008799    0.577602    
119         2         1           98.8200     0.078418    0.013881    0.813911    
120         0         1           98.6800     0.226236    0.008885    0.545533    
120         1         1           98.1200     0.231317    0.004368    0.403675    
120         2         1           97.9600     0.119900    0.007877    0.515144    
121         0         1           98.7600     0.158269    0.007123    0.463708    
121         1         1           98.1300     0.150626    0.005139    0.408788    
121         2         1           98.7300     0.087592    0.013711    0.787802    
122         0         1           98.9500     0.044676    0.009372    0.571864    
122         1         1           98.0300     0.343855    0.008736    0.557060    
122         2         1           98.2600     0.019618    0.007420    0.546042    
123         0         1           98.2300     0.043584    0.008936    0.571874    
123         1         1           98.3000     0.001804    0.005629    0.382268    
123         2         1           98.6600     0.185871    0.013147    0.755816    
124         0         1           98.8400     0.044176    0.008063    0.487534    
124         1         1           98.0900     0.064652    0.006689    0.499616    
124         2         1           97.8800     0.116268    0.010652    0.626341    
125         0         1           98.9900     0.000027    0.011316    0.675779    
125         1         1           98.1700     0.024801    0.009332    0.631148    
125         2         1           98.5900     0.084625    0.012206    0.638057    
126         0         1           98.3400     0.726119    0.008617    0.562427    
126         1         1           98.3600     0.052668    0.005463    0.460566    
126         2         1           98.6100     0.040732    0.007725    0.556178    
127         0         1           99.0600     0.000024    0.008929    0.596635    
127         1         1           98.0800     0.046301    0.007202    0.492304    
127         2         1           98.0700     0.016147    0.008775    0.640281    
128         0         1           98.4000     0.121161    0.009100    0.595701    
128         1         1           98.4300     0.004228    0.005683    0.427307    
128         2         1           98.4300     0.058128    0.007981    0.571602    
129         0         1           98.3700     0.593114    0.005633    0.403154    
129         1         1           98.0600     0.076662    0.005500    0.429367    
129         2         1           98.2200     0.020941    0.007923    0.586580    
130         0         1           98.5700     0.209084    0.005885    0.390042    
130         1         1           98.1900     0.142073    0.005095    0.368847    
130         2         1           98.5200     0.046375    0.009270    0.649979    
131         0         1           99.0300     0.000011    0.008368    0.577288    
131         1         1           98.5100     0.032227    0.005030    0.429943    
131         2         1           98.6000     0.043453    0.007219    0.545446    
132         0         1           98.8400     0.001649    0.011244    0.727128    
132         1         1           98.0000     0.168210    0.006745    0.488543    
132         2         1           98.5300     0.048503    0.007289    0.530506    
133         0         1           98.5100     0.316868    0.005787    0.426694    
133         1         1           98.6400     0.005023    0.007409    0.501967    
133         2         1           98.3500     0.053264    0.006024    0.508584    
134         0         1           98.7000     0.263781    0.006064    0.444087    
134         1         1           97.9300     0.131908    0.006267    0.452795    
134         2         1           98.1000     0.005557    0.009837    0.636062    
135         0         1           98.5500     0.080961    0.006396    0.456979    
135         1         1           98.6100     0.018502    0.004872    0.423988    
135         2         1           98.6100     0.178833    0.009176    0.634508    
136         0         1           99.0200     0.000027    0.007715    0.537516    
136         1         1           98.3200     0.102409    0.004758    0.359038    
136         2         1           98.7200     0.041519    0.007415    0.572135    
137         0         1           99.0000     0.000054    0.009825    0.650390    
137         1         1           97.7900     0.101498    0.005650    0.459723    
137         2         1           98.6800     0.056388    0.008540    0.656678    
138         0         1           98.8400     0.237429    0.008498    0.604545    
138         1         1           98.4600     0.037248    0.004685    0.362589    
138         2         1           98.8500     0.023612    0.007033    0.531694    
139         0         1           98.8400     0.149072    0.004668    0.395945    
139         1         1           98.2800     0.007273    0.007717    0.520627    
139         2         1           98.1600     0.046659    0.010749    0.720589    
140         0         1           99.0200     0.000011    0.006355    0.495706    
140         1         1           98.2700     0.177162    0.006706    0.539216    
140         2         1           98.1200     0.071686    0.008222    0.492550    
141         0         1           98.6500     0.104496    0.007276    0.508726    
141         1         1           98.4500     0.216905    0.004273    0.371844    
141         2         1           98.1500     0.080160    0.006980    0.492445    
142         0         1           98.5000     0.158538    0.006036    0.443736    
142         1         1           98.3800     0.070192    0.004713    0.399324    
142         2         1           97.9700     0.036107    0.006044    0.539779    
143         0         1           99.0300     0.000003    0.008803    0.593654    
143         1         1           98.7000     0.006758    0.005760    0.451331    
143         2         1           98.2300     0.054104    0.006610    0.538714    
144         0         1           98.9900     0.000003    0.010221    0.683544    
144         1         1           98.3900     0.008826    0.007037    0.575301    
144         2         1           98.7700     0.047371    0.005693    0.456272    
145         0         1           98.8000     0.287891    0.008832    0.567086    
145         1         1           98.4000     0.287974    0.004775    0.386394    
145         2         1           98.2300     0.239015    0.008102    0.620106    
146         0         1           98.4600     0.434057    0.006334    0.437746    
146         1         1           98.6100     0.009393    0.007037    0.512375    
146         2         1           97.9900     0.012341    0.007736    0.517862    
147         0         1           98.6500     0.552040    0.005432    0.407947    
147         1         1           98.4500     0.257661    0.005315    0.451710    
147         2         1           98.7400     0.029765    0.010271    0.714404    
148         0         1           98.9900     0.000006    0.009496    0.640876    
148         1         1           98.7200     0.003606    0.005842    0.467436    
148         2         1           98.4000     0.043876    0.006069    0.485426    
149         0         1           98.9800     0.000017    0.010318    0.683292    
149         1         1           98.3900     0.050411    0.004391    0.366549    
149         2         1           98.3900     0.032791    0.006609    0.494575    
150         0         1           98.9900     0.000005    0.010534    0.686975    
150         1         1           98.5600     0.059066    0.004706    0.400097    
150         2         1           98.0100     0.015844    0.009174    0.646347    
151         0         1           98.9800     0.000008    0.011931    0.769613    
151         1         1           98.5600     0.001316    0.004809    0.423919    
151         2         1           98.7000     0.026006    0.006448    0.515864    
152         0         1           98.7100     0.004734    0.007999    0.579966    
152         1         1           98.3700     0.134236    0.005264    0.448010    
152         2         1           98.5700     0.048910    0.007199    0.571227    
153         0         1           98.9900     0.000167    0.008961    0.664010    
153         1         1           98.4000     0.086206    0.004078    0.347545    
153         2         1           98.4600     0.058108    0.008178    0.594989    
154         0         1           98.9200     0.063425    0.010727    0.706652    
154         1         1           98.3200     0.004363    0.004638    0.433672    
154         2         1           98.3000     0.100798    0.008263    0.552028    
155         0         1           98.0800     0.196785    0.006934    0.463718    
155         1         1           98.3400     0.080368    0.005600    0.451733    
155         2         1           98.3700     0.069072    0.005068    0.433630    
156         0         1           99.0000     0.000019    0.010505    0.717957    
156         1         1           98.1800     0.084308    0.007422    0.519438    
156         2         1           98.7800     0.007108    0.009932    0.721715    
157         0         1           99.0100     0.000008    0.010509    0.739326    
157         1         1           98.4600     0.045741    0.005228    0.447667    
157         2         1           98.4100     0.018744    0.006873    0.527185    
158         0         1           98.7900     0.004629    0.008872    0.609680    
158         1         1           98.3500     0.168709    0.004761    0.370614    
158         2         1           98.6300     0.157439    0.007354    0.565292    
159         0         1           98.9900     0.000013    0.009222    0.649993    
159         1         1           98.5700     0.012360    0.005761    0.457291    
159         2         1           98.0200     0.024726    0.006152    0.481259    
160         0         1           98.9900     0.000012    0.010366    0.696679    
160         1         1           97.9300     0.095636    0.005974    0.470193    
160         2         1           98.4100     0.050875    0.006318    0.563356    
161         0         1           98.9700     0.000008    0.011511    0.761963    
161         1         1           98.1900     0.020612    0.005231    0.377423    
161         2         1           98.8000     0.007100    0.011576    0.816555    
162         0         1           98.7600     0.015797    0.007970    0.561653    
162         1         1           98.3000     0.086151    0.008208    0.596741    
162         2         1           98.3900     0.009578    0.006230    0.493804    
163         0         1           98.6800     0.271573    0.005583    0.436373    
163         1         1           98.2800     0.033699    0.004606    0.384354    
163         2         1           98.5100     0.053877    0.007948    0.627969    
164         0         1           99.0100     0.000007    0.006875    0.515958    
164         1         1           98.2700     0.091106    0.005537    0.497143    
164         2         1           98.2700     0.207785    0.005865    0.507403    
165         0         1           98.8900     0.001472    0.007061    0.525528    
165         1         1           98.5200     0.036126    0.005452    0.439226    
165         2         1           98.6100     0.072050    0.004990    0.472678    
166         0         1           99.0400     0.000008    0.006526    0.531610    
166         1         1           98.8200     0.003832    0.005476    0.459918    
166         2         1           98.7100     0.197921    0.007788    0.593450    
167         0         1           98.9800     0.000247    0.008176    0.615831    
167         1         1           98.1600     0.135809    0.005351    0.473792    
167         2         1           98.5200     0.098807    0.004182    0.393355    
168         0         1           98.9900     0.000017    0.008586    0.637479    
168         1         1           98.2900     0.072959    0.004619    0.392441    
168         2         1           98.6400     0.149800    0.005722    0.442614    
169         0         1           98.9900     0.000346    0.009026    0.633943    
169         1         1           98.2000     0.256878    0.003584    0.303300    
169         2         1           98.3500     0.049214    0.007496    0.615726    
170         0         1           98.7200     0.417391    0.004860    0.409787    
170         1         1           97.7000     0.015123    0.004981    0.447407    
170         2         1           98.7000     0.087631    0.009823    0.660872    
171         0         1           99.0000     0.000021    0.005456    0.453583    
171         1         1           98.4900     0.015583    0.005525    0.453250    
171         2         1           98.1500     0.033400    0.005983    0.521391    
172         0         1           98.9800     0.000062    0.006337    0.520305    
172         1         1           98.2700     0.016738    0.005936    0.507157    
172         2         1           98.5200     0.230688    0.006210    0.524083    
173         0         1           98.9700     0.000074    0.007398    0.565518    
173         1         1           98.2400     0.025947    0.007084    0.541983    
173         2         1           98.5100     0.083323    0.006060    0.465401    
174         0         1           98.9700     0.000007    0.007599    0.585434    
174         1         1           98.3800     0.152459    0.008077    0.670920    
174         2         1           98.8700     0.038925    0.011956    0.832618    
175         0         1           98.9700     0.000015    0.008703    0.642708    
175         1         1           98.2400     0.125396    0.005279    0.401382    
175         2         1           98.7800     0.253095    0.003865    0.348387    
176         0         1           98.9600     0.000043    0.008789    0.644853    
176         1         1           98.5000     0.009346    0.005431    0.514966    
176         2         1           98.5700     0.030849    0.009625    0.674558    
177         0         1           98.9700     0.000029    0.009838    0.719106    
177         1         1           98.3500     0.022045    0.005968    0.499692    
177         2         1           98.9100     0.034528    0.005392    0.471089    
178         0         1           98.6700     0.011210    0.007479    0.529248    
178         1         1           98.3100     0.258897    0.004324    0.410155    
178         2         1           98.4900     0.095120    0.009000    0.673565    
179         0         1           98.4800     0.119548    0.004459    0.371831    
179         1         1           98.3200     0.046043    0.004404    0.421025    
179         2         1           98.4700     0.058004    0.005609    0.479816    
180         0         1           98.7100     0.403431    0.003783    0.352729    
180         1         1           97.8800     0.672002    0.004849    0.360003    
180         2         1           98.8700     0.077989    0.004298    0.436719    
181         0         1           98.9900     0.000006    0.007675    0.587200    
181         1         1           98.7600     0.014378    0.004951    0.450340    
181         2         1           98.4100     0.030195    0.007507    0.650291    
182         0         1           99.0200     0.000055    0.009579    0.681746    
182         1         1           98.2900     0.119336    0.007758    0.608684    
182         2         1           98.4400     0.027328    0.008847    0.664287    
183         0         1           98.3600     0.255295    0.005014    0.391526    
183         1         1           98.1600     0.075605    0.004747    0.377262    
183         2         1           98.6300     0.004231    0.005095    0.460275    
184         0         1           98.6600     0.564248    0.004011    0.347045    
184         1         1           98.5400     0.007219    0.006213    0.472465    
184         2         1           98.3900     0.063304    0.005303    0.482298    
185         0         1           98.9800     0.000090    0.006413    0.513343    
185         1         1           98.7800     0.001111    0.006209    0.517779    
185         2         1           98.0800     0.001410    0.006305    0.526007    
186         0         1           98.6800     0.037109    0.004404    0.385556    
186         1         1           98.8400     0.002914    0.005732    0.535373    
186         2         1           98.6700     0.036403    0.008545    0.625840    
187         0         1           98.9300     0.000531    0.006616    0.543731    
187         1         1           98.4500     0.030870    0.004696    0.398985    
187         2         1           98.5800     0.128347    0.005277    0.463069    
188         0         1           98.5800     0.444137    0.005929    0.438582    
188         1         1           98.0800     0.040718    0.004425    0.425306    
188         2         1           98.7600     0.008343    0.007643    0.592265    
189         0         1           98.8800     0.116569    0.004304    0.380088    
189         1         1           98.1400     0.046416    0.005798    0.459154    
189         2         1           98.8100     0.025336    0.008743    0.669971    
190         0         1           99.0100     0.000004    0.007510    0.569653    
190         1         1           98.3500     0.006676    0.004430    0.375357    
190         2         1           97.9600     0.013150    0.005629    0.445802    
191         0         1           98.9800     0.000013    0.008599    0.620916    
191         1         1           98.3200     0.029034    0.005730    0.493590    
191         2         1           98.3100     0.102867    0.005626    0.485556    
192         0         1           98.9900     0.001630    0.005939    0.492011    
192         1         1           98.5600     0.009980    0.003989    0.379931    
192         2         1           98.4200     0.009781    0.003926    0.363332    
193         0         1           98.9400     0.000005    0.006261    0.499219    
193         1         1           98.5700     0.004109    0.005065    0.437468    
193         2         1           98.8400     0.082803    0.006416    0.548533    
194         0         1           98.9400     0.000013    0.006689    0.526331    
194         1         1           98.6600     0.023710    0.004579    0.408266    
194         2         1           98.6400     0.120338    0.007587    0.607049    
195         0         1           98.9600     0.000005    0.007614    0.570777    
195         1         1           98.1600     0.100924    0.005157    0.433228    
195         2         1           98.5600     0.036268    0.007914    0.572693    
196         0         1           98.9700     0.000031    0.007991    0.604250    
196         1         1           98.6700     0.009936    0.007453    0.675450    
196         2         1           98.7900     0.123308    0.004456    0.410581    
197         0         1           98.7200     0.095840    0.005040    0.425570    
197         1         1           98.4500     0.210335    0.002788    0.289292    
197         2         1           98.7700     0.026015    0.003796    0.375096    
198         0         1           98.9900     0.000032    0.006079    0.499362    
198         1         1           98.4200     0.042938    0.006130    0.454876    
198         2         1           98.4800     0.025843    0.005693    0.472636    
199         0         1           98.9900     0.000057    0.006926    0.550747    
199         1         1           98.4700     0.030909    0.004445    0.379656    
199         2         1           98.6000     0.095057    0.004263    0.373982    
200         0         1           99.0000     0.000010    0.007604    0.605016    
200         1         1           98.1800     0.240989    0.005891    0.503672    
200         2         1           98.6200     0.086947    0.005522    0.468136    
