GlobalRound	GlobalAccuracy
1	78.5800
2	93.6100
3	95.9100
4	96.8000
5	97.4200
6	97.7800
7	98.0600
8	98.2900
9	98.3900
10	98.5000
11	98.6500
12	98.6900
13	98.6500
14	98.6000
15	98.6300
16	98.7500
17	98.7800
18	98.6600
19	98.8100
20	98.7600
21	98.8200
22	98.8000
23	98.7500
24	98.7700
25	98.8300
26	98.6700
27	98.8500
28	98.8100
29	98.7900
30	98.8800
31	98.8100
32	98.8000
33	98.8500
34	98.8100
35	98.9200
36	98.8800
37	98.8000
38	98.9200
39	98.9300
40	98.9000
41	98.9500
42	98.9400
43	98.8800
44	98.8300
45	98.9300
46	98.9400
47	98.8500
48	98.7700
49	98.9400
50	98.9100
51	98.9300
52	98.9000
53	98.9500
54	98.9900
55	98.9800
56	98.9300
57	98.8700
58	98.9200
59	98.9900
60	98.9600
61	98.9300
62	98.9700
63	98.9300
64	98.9100
65	98.9800
66	98.9500
67	98.9600
68	98.9800
69	98.9900
70	98.9400
71	98.9500
72	99.0100
73	99.0500
74	99.0000
75	98.9300
76	98.9700
77	98.9300
78	98.9200
79	99.0000
80	99.0200
81	99.0100
82	98.9700
83	98.9700
84	99.0300
85	99.0300
86	99.0200
87	98.9500
88	98.9400
89	98.9400
90	98.9400
91	98.9700
92	98.9800
93	98.9600
94	99.0100
95	98.9700
96	98.9800
97	99.0400
98	98.9800
99	99.0000
100	98.9900
101	98.9700
102	99.0100
103	98.9500
104	99.0500
105	99.0300
106	99.0000
107	98.9800
108	99.0200
109	99.0700
110	99.0400
111	99.0500
112	98.9700
113	98.9700
114	99.0200
115	99.0000
116	99.0100
117	99.0100
118	98.9900
119	99.0100
120	99.0000
121	98.9900
122	98.9800
123	99.0000
124	99.0100
125	99.0100
126	99.0500
127	99.0400
128	99.0200
129	99.0300
130	99.0300
131	98.9600
132	98.9400
133	99.0200
134	98.9700
135	99.0200
136	98.9700
137	98.9800
138	99.0200
139	99.0200
140	98.9700
141	99.0000
142	99.0300
143	98.9900
144	98.9700
145	99.0200
146	99.0100
147	98.9900
148	98.9800
149	98.9900
150	98.9800
151	98.9900
152	98.9500
153	98.9900
154	98.9700
155	99.0000
156	99.0200
157	99.0200
158	99.0000
159	98.9700
160	98.9600
161	99.0100
162	98.9800
163	99.0000
164	99.0300
165	99.0400
166	99.0000
167	98.9900
168	98.9900
169	98.9900
170	99.0000
171	98.9800
172	98.9600
173	98.9600
174	98.9600
175	99.0000
176	98.9600
177	98.9600
178	99.0100
179	98.9700
180	98.9900
181	99.0300
182	99.0000
183	99.0000
184	99.0000
185	98.9800
186	99.0200
187	99.0200
188	98.9900
189	99.0100
190	98.9800
191	98.9900
192	98.9400
193	98.9400
194	98.9600
195	98.9700
196	98.9500
197	98.9800
198	99.0100
199	99.0000
200	98.9900
