GlobalRnd   ClientID  LocEpoch    Accuracy    LR          Loss        GradNorm    
1           0         1           9.7400      0.042848    0.049993    0.075910    
1           1         1           11.3500     9.448737    0.023045    0.025442    
1           2         1           8.9200      9.312543    0.026331    0.034423    
1           3         1           9.8000      9.371679    0.025286    0.035974    
1           4         1           10.2800     0.049257    0.023378    0.032980    
1           5         1           10.3200     8.528093    0.026821    0.046988    
1           6         1           10.0900     0.038889    0.049844    0.076043    
1           7         1           9.8200      0.046017    0.024277    0.030963    
1           8         1           10.1000     0.043403    0.023703    0.034827    
1           9         1           9.5800      9.371679    0.023892    0.030897    
2           0         1           9.7400      6.903267    0.148851    0.382400    
2           1         1           11.3500     0.240474    0.153983    0.189339    
2           2         1           8.9200      0.299886    0.181348    0.229583    
2           3         1           9.8000      0.767639    0.166990    0.211935    
2           4         1           10.2800     6.992443    0.181776    0.399229    
2           5         1           10.3200     9.226966    0.121040    0.141873    
2           6         1           20.5500     0.000000    2.397485    3.539935    
2           7         1           9.8200      6.144308    0.293905    0.607592    
2           8         1           22.7400     0.000047    2.258929    3.448330    
2           9         1           9.5800      0.274089    0.162063    0.193966    
3           0         1           9.7400      7.573853    0.284836    0.858905    
3           1         1           28.4500     0.000001    2.323917    5.000274    
3           2         1           9.4200      0.000126    2.179466    5.240656    
3           3         1           9.8000      0.021302    0.022471    0.059961    
3           4         1           10.2800     7.949275    0.248447    0.659778    
3           5         1           10.3200     0.255542    0.242863    0.637711    
3           6         1           10.0900     3.443652    0.933189    2.569189    
3           7         1           9.8200      0.259411    0.245830    0.669456    
3           8         1           10.1000     6.122273    0.284840    0.922980    
3           9         1           28.1100     0.000004    2.056699    4.816360    
4           0         1           9.7400      7.625421    0.309330    0.951177    
4           1         1           11.3500     4.654650    0.656865    1.677763    
4           2         1           8.9200      6.131068    0.196107    0.722104    
4           3         1           9.8000      5.373084    0.293022    1.083337    
4           4         1           10.2800     7.980965    0.226023    0.616244    
4           5         1           10.3200     6.111199    0.207739    0.834214    
4           6         1           10.0900     7.972086    0.307006    0.760515    
4           7         1           9.8200      5.289282    0.354891    1.283185    
4           8         1           10.1000     7.991187    0.295696    0.743315    
4           9         1           9.5800      4.715109    0.470513    1.434420    
5           0         1           9.7400      5.617472    0.587013    5.238679    
5           1         1           11.3500     6.211642    0.350929    2.338929    
5           2         1           8.9200      5.661995    0.429365    3.924337    
5           3         1           9.8000      5.618897    0.320082    3.795174    
5           4         1           10.2800     6.194078    0.440258    3.635759    
5           5         1           10.3200     5.986911    0.334927    3.670880    
5           6         1           10.0900     5.989458    0.479123    4.084989    
5           7         1           9.8200      5.831752    0.410307    3.999282    
5           8         1           10.1000     6.039267    0.599565    4.101517    
5           9         1           9.5800      6.002228    0.329906    3.632690    
6           0         1           9.7400      4.966681    0.583196    8.273282    
6           1         1           11.3500     5.681709    0.368951    3.877064    
6           2         1           8.9200      5.050465    0.516999    6.596605    
6           3         1           9.8000      5.075910    0.380214    6.308450    
6           4         1           10.2800     5.707036    0.440540    5.676374    
6           5         1           10.3200     5.447229    0.425288    6.242307    
6           6         1           10.0900     5.343436    0.442977    6.406539    
6           7         1           9.8200      5.147387    0.454296    6.717413    
6           8         1           10.1000     5.516037    0.509813    6.081462    
6           9         1           9.5800      5.352575    0.422548    6.278145    
7           0         1           9.7400      4.809218    0.537671    10.650727   
7           1         1           11.3500     5.468082    0.327420    4.731427    
7           2         1           8.9200      4.747760    0.550324    8.951753    
7           3         1           9.8000      4.872085    0.363363    8.254042    
7           4         1           10.2800     5.333277    0.478161    7.890572    
7           5         1           10.3200     4.926637    0.445280    8.629907    
7           6         1           10.0900     4.959181    0.449038    8.474607    
7           7         1           9.8200      4.770151    0.488653    9.271465    
7           8         1           10.1000     4.940866    0.491267    8.886283    
7           9         1           9.5800      4.858644    0.450468    8.739243    
8           0         1           9.7400      4.210668    0.594450    14.422414   
8           1         1           11.3500     4.934705    0.347615    6.321007    
8           2         1           8.9200      4.294163    0.581695    11.528968   
8           3         1           9.8000      4.135434    0.372797    10.710515   
8           4         1           10.2800     4.793389    0.489913    9.862502    
8           5         1           10.3200     4.539878    0.465535    10.901961   
8           6         1           10.0900     4.594053    0.535611    11.864067   
8           7         1           9.8200      4.400782    0.504774    11.675281   
8           8         1           10.1000     4.714165    0.486413    11.026922   
8           9         1           9.5800      4.594053    0.495302    11.741884   
9           0         1           9.7400      3.757411    0.533970    15.168266   
9           1         1           11.3500     5.168579    0.347806    7.380330    
9           2         1           8.9200      4.195258    0.550637    12.625838   
9           3         1           9.8000      4.151431    0.362249    12.463051   
9           4         1           10.2800     4.869867    0.508257    11.943296   
9           5         1           10.3200     4.361505    0.487400    13.296593   
9           6         1           10.0900     4.543654    0.535672    13.755286   
9           7         1           9.8200      4.447661    0.471832    12.904570   
9           8         1           10.1000     4.491995    0.498566    13.166192   
9           9         1           9.5800      4.197130    0.521439    14.316906   
10          0         1           9.7400      3.219373    0.510897    16.206716   
10          1         1           11.3500     4.894859    0.369195    8.920559    
10          2         1           8.9200      3.814488    0.594661    15.530750   
10          3         1           9.8000      4.002051    0.356295    14.138241   
10          4         1           10.2800     4.505950    0.513840    13.706702   
10          5         1           10.3200     4.151848    0.504334    15.643965   
10          6         1           10.0900     4.268618    0.558315    16.079709   
10          7         1           9.8200      3.865507    0.478483    14.769854   
10          8         1           10.1000     4.447724    0.492978    14.886264   
10          9         1           9.5800      3.921742    0.533401    16.505153   
11          0         1           9.7400      4.034116    0.460992    16.254679   
11          1         1           11.3500     4.584178    0.360872    9.757832    
11          2         1           8.9200      3.555683    0.618984    17.682893   
11          3         1           9.8000      3.949380    0.319977    14.287096   
11          4         1           10.2800     4.282559    0.506086    15.162721   
11          5         1           10.3200     4.190917    0.462017    15.650054   
11          6         1           10.0900     4.034310    0.577591    18.380501   
11          7         1           9.8200      3.330739    0.495038    17.160596   
11          8         1           10.1000     4.176467    0.502245    16.841419   
11          9         1           9.5800      4.011367    0.515433    17.489676   
12          0         1           9.7400      3.498749    0.620007    24.087607   
12          1         1           11.3500     4.309571    0.345116    10.364552   
12          2         1           8.9200      3.568127    0.593967    18.552693   
12          3         1           9.8000      3.566466    0.331130    16.292675   
12          4         1           10.2800     3.745105    0.519451    16.894113   
12          5         1           10.3200     3.712870    0.539954    20.047206   
12          6         1           10.0900     3.514331    0.595174    20.677970   
12          7         1           9.8200      3.879914    0.462411    17.585497   
12          8         1           10.1000     4.099070    0.498710    18.190848   
12          9         1           9.5800      3.828828    0.542101    19.866705   
13          0         1           9.7400      3.418111    0.639930    26.603376   
13          1         1           11.3500     4.491071    0.260261    8.522051    
13          2         1           8.9200      3.472833    0.654282    21.837847   
13          3         1           9.8000      2.130685    0.294597    15.946028   
13          4         1           10.2800     3.965923    0.494517    17.272953   
13          5         1           10.3200     3.947870    0.474412    18.941639   
13          6         1           10.0900     3.659477    0.574895    21.224176   
13          7         1           9.8200      3.634020    0.502845    20.357347   
13          8         1           10.1000     3.983644    0.494507    19.472167   
13          9         1           9.5800      3.862478    0.516654    20.588846   
14          0         1           9.7400      2.762939    0.610220    27.045259   
14          1         1           11.3500     4.713173    0.339761    11.892747   
14          2         1           8.9200      3.119763    0.694020    24.250804   
14          3         1           9.8000      3.490712    0.284399    16.609884   
14          4         1           10.2800     4.326490    0.428176    16.059595   
14          5         1           10.3200     3.486342    0.524913    22.939649   
14          6         1           10.0900     3.557327    0.588629    23.449709   
14          7         1           9.8200      3.246273    0.485137    20.996321   
14          8         1           10.1000     3.557764    0.509412    21.526314   
14          9         1           9.5800      3.200101    0.553761    23.588791   
15          0         1           9.7400      2.175335    0.581157    27.613958   
15          1         1           11.3500     3.068121    0.346348    13.002051   
15          2         1           8.9200      3.124174    0.697402    25.744824   
15          3         1           9.8000      2.550594    0.276393    17.656093   
15          4         1           10.2800     4.088570    0.530513    20.915762   
15          5         1           10.3200     3.649444    0.519533    24.088785   
15          6         1           10.0900     3.844407    0.541179    22.931784   
15          7         1           9.8200      3.611889    0.447732    20.398439   
15          8         1           10.1000     3.469806    0.490235    21.824890   
15          9         1           9.5800      3.716949    0.463827    21.020750   
16          0         1           9.7400      2.036826    0.329441    16.237861   
16          1         1           11.3500     4.041905    0.197831    7.962160    
16          2         1           8.9200      3.157915    0.667235    25.615373   
16          3         1           9.8000      3.357750    0.231062    15.458313   
16          4         1           10.2800     4.075814    0.503980    21.233421   
16          5         1           10.3200     3.544853    0.519026    25.108999   
16          6         1           10.0900     3.475443    0.606429    27.327935   
16          7         1           9.8200      3.334521    0.498139    24.056863   
16          8         1           10.1000     3.808812    0.457578    21.861771   
16          9         1           9.5800      3.429744    0.562669    27.036399   
17          0         1           9.7400      2.077075    0.255879    13.253209   
17          1         1           11.3500     2.633255    0.280071    11.752880   
17          2         1           8.9200      2.588315    0.721926    28.905168   
17          3         1           9.8000      3.598643    0.227351    16.174911   
17          4         1           10.2800     3.241176    0.526653    23.216077   
17          5         1           10.3200     2.978821    0.516296    26.298335   
17          6         1           10.0900     3.429744    0.617602    28.446952   
17          7         1           9.8200      2.922634    0.506833    25.999682   
17          8         1           10.1000     3.305768    0.525340    25.855783   
17          9         1           9.5800      3.153401    0.551724    28.113047   
18          0         1           9.7400      2.359969    0.388725    21.006138   
18          1         1           11.3500     2.591350    0.192393    8.418923    
18          2         1           8.9200      2.721385    0.665935    28.168051   
18          3         1           9.8000      3.338346    0.256889    19.226021   
18          4         1           10.2800     3.270434    0.477463    21.704568   
18          5         1           10.3200     3.420704    0.510826    27.321878   
18          6         1           10.0900     3.475443    0.613940    29.638913   
18          7         1           9.8200      3.088953    0.452774    23.947344   
18          8         1           10.1000     3.002215    0.475180    24.669856   
18          9         1           9.5800      2.852086    0.556380    29.334343   
19          0         1           9.7400      4.298262    0.317603    17.925238   
19          1         1           11.3500     3.265326    0.014272    0.691006    
19          2         1           8.9200      3.091458    0.635740    27.724265   
19          3         1           9.8000      2.947121    0.257005    19.679132   
19          4         1           10.2800     3.574579    0.392917    18.951481   
19          5         1           10.3200     3.224117    0.490297    27.266456   
19          6         1           10.0900     3.151681    0.639583    31.835840   
19          7         1           9.8200      3.563980    0.458262    25.677744   
19          8         1           10.1000     3.206720    0.442502    23.544059   
19          9         1           9.5800      2.931250    0.505527    28.008893   
20          0         1           9.7400      2.931183    0.635738    37.417036   
20          1         1           11.3500     3.713527    0.018070    0.911176    
20          2         1           8.9200      2.911367    0.713076    32.232115   
20          3         1           9.8000      2.748188    0.239756    19.204601   
20          4         1           10.2800     3.980469    0.393135    19.575008   
20          5         1           10.3200     3.151137    0.509473    29.343811   
20          6         1           10.0900     3.475443    0.620478    31.862505   
20          7         1           9.8200      2.997621    0.524784    30.732598   
20          8         1           10.1000     3.438504    0.483394    26.563665   
20          9         1           9.5800      2.642077    0.491375    27.689977   
21          0         1           9.7400      2.958771    0.583454    35.412288   
21          1         1           11.3500     3.754703    0.041035    2.003578    
21          2         1           8.9200      2.911367    0.715508    33.461201   
21          3         1           9.8000      2.849647    0.201533    16.955130   
21          4         1           10.2800     2.595947    0.524010    27.164051   
21          5         1           10.3200     2.992529    0.537160    32.115072   
21          6         1           10.0900     3.003302    0.634386    33.823246   
21          7         1           9.8200      2.676539    0.535773    31.826829   
21          8         1           10.1000     3.161148    0.525098    30.366350   
21          9         1           9.5800      3.185048    0.467673    27.839378   
22          0         1           9.7400      2.811071    0.634098    39.342601   
22          1         1           11.3500     5.218843    0.066935    3.358742    
22          2         1           8.9200      2.861367    0.715493    34.356679   
22          3         1           9.8000      3.224054    0.186021    16.395198   
22          4         1           10.2800     3.902997    0.368266    19.500693   
22          5         1           10.3200     3.042073    0.501534    31.032791   
22          6         1           10.0900     3.154089    0.597483    33.290482   
22          7         1           9.8200      2.624659    0.433726    26.961586   
22          8         1           10.1000     3.300912    0.513718    31.043950   
22          9         1           9.5800      2.793055    0.567379    34.727249   
23          0         1           9.7400      1.290933    0.561148    35.921239   
23          1         1           11.3500     2.186484    0.314947    16.791724   
23          2         1           8.9200      2.557133    0.745198    36.377549   
23          3         1           9.8000      3.183939    0.223316    19.998594   
23          4         1           10.2800     3.402632    0.533150    29.405343   
23          5         1           10.3200     2.675797    0.536970    33.861364   
23          6         1           10.0900     2.482661    0.631678    35.829261   
23          7         1           9.8200      2.948758    0.425261    27.227369   
23          8         1           10.1000     3.254317    0.502877    31.106016   
23          9         1           9.5800      2.758867    0.577223    36.747134   
24          0         1           9.7400      2.112596    0.222654    14.799256   
24          1         1           11.3500     1.959447    0.170880    9.437746    
24          2         1           8.9200      2.331782    0.751646    37.767196   
24          3         1           9.8000      3.054467    0.234182    21.666245   
24          4         1           10.2800     3.266814    0.507983    29.126076   
24          5         1           10.3200     2.909026    0.492000    32.211184   
24          6         1           10.0900     2.154481    0.631045    36.589267   
24          7         1           9.8200      1.957702    0.468328    30.552150   
24          8         1           10.1000     2.992138    0.513401    32.847985   
24          9         1           9.5800      2.673064    0.535414    35.057596   
25          0         1           9.7400      2.597098    0.295660    19.687321   
25          1         1           11.3500     5.244816    0.018626    1.169886    
25          2         1           8.9200      2.455457    0.732113    37.991657   
25          3         1           9.8000      2.874537    0.216858    20.728417   
25          4         1           10.2800     2.405094    0.452147    26.668222   
25          5         1           10.3200     2.870458    0.547679    37.148144   
25          6         1           10.0900     2.146919    0.360601    21.710960   
25          7         1           9.8200      3.498504    0.343295    23.403048   
25          8         1           10.1000     2.579410    0.494549    32.214493   
25          9         1           9.5800      2.904690    0.529555    36.100936   
26          0         1           9.7400      2.965911    0.497102    34.119624   
26          1         1           11.3500     2.821323    0.280755    16.304193   
26          2         1           8.9200      2.702427    0.692815    36.796081   
26          3         1           9.8000      3.108390    0.196138    19.610771   
26          4         1           10.2800     3.575530    0.448564    27.226353   
26          5         1           10.3200     3.038011    0.531041    36.669283   
26          6         1           10.0900     2.491930    0.402795    24.729551   
26          7         1           9.8200      2.309905    0.496361    34.692713   
26          8         1           10.1000     3.504590    0.349049    23.150729   
26          9         1           9.5800      2.035269    0.552481    38.261636   
27          0         1           9.7400      1.712130    0.581708    41.049077   
27          1         1           11.3500     1.733249    0.153674    9.263637    
27          2         1           8.9200      2.557133    0.744883    40.669115   
27          3         1           9.8000      3.006537    0.208607    21.110721   
27          4         1           10.2800     3.341909    0.517625    32.417869   
27          5         1           10.3200     3.038011    0.520381    37.174568   
27          6         1           10.0900     4.264896    0.289744    18.283158   
27          7         1           9.8200      3.276005    0.396079    28.512015   
27          8         1           10.1000     3.094511    0.523429    36.066046   
27          9         1           9.5800      1.930443    0.473129    33.506606   
28          0         1           9.7400      2.333776    0.427278    30.975274   
28          1         1           11.3500     2.341372    0.040382    2.888570    
28          2         1           8.9200      2.334082    0.738684    41.416716   
28          3         1           9.8000      3.151681    0.197780    20.443980   
28          4         1           10.2800     3.513840    0.505218    32.754453   
28          5         1           10.3200     2.938277    0.527969    38.094564   
28          6         1           10.0900     3.146834    0.622266    39.875486   
28          7         1           9.8200      2.752153    0.523539    38.512319   
28          8         1           10.1000     2.933832    0.529631    37.146447   
28          9         1           9.5800      1.891999    0.459291    33.881008   
29          0         1           9.7400      2.219245    0.422614    31.105058   
29          1         1           11.3500     4.035442    0.012668    0.857280    
29          2         1           8.9200      2.455352    0.718380    40.960244   
29          3         1           9.8000      2.832359    0.190963    20.291542   
29          4         1           10.2800     1.675499    0.505753    33.145140   
29          5         1           10.3200     2.827895    0.514199    38.718771   
29          6         1           10.0900     2.963151    0.650754    42.558004   
29          7         1           9.8200      1.939051    0.503231    37.642535   
29          8         1           10.1000     3.063261    0.533684    37.978783   
29          9         1           9.5800      3.136280    0.413138    30.716404   
30          0         1           9.7400      2.023193    0.360713    26.782087   
30          1         1           11.3500     3.173701    0.274186    17.708718   
30          2         1           8.9200      2.557133    0.743309    43.052313   
30          3         1           9.8000      2.462563    0.177952    19.644737   
30          4         1           10.2800     2.371087    0.239680    16.103927   
30          5         1           10.3200     2.781789    0.483645    36.930983   
30          6         1           10.0900     2.183542    0.636368    43.108362   
30          7         1           9.8200      2.841232    0.478187    36.688573   
30          8         1           10.1000     2.980986    0.509524    37.455060   
30          9         1           9.5800      2.983796    0.516356    38.662022   
31          0         1           9.7400      1.535118    0.268200    20.714040   
31          1         1           11.3500     1.789441    0.203227    13.402605   
31          2         1           8.9200      2.450769    0.739996    43.514131   
31          3         1           9.8000      3.167140    0.175348    19.184519   
31          4         1           10.2800     2.337958    0.145153    9.873568    
31          5         1           10.3200     2.947586    0.515187    40.028665   
31          6         1           10.0900     3.202697    0.529840    36.399110   
31          7         1           9.8200      2.634170    0.487769    38.332746   
31          8         1           10.1000     2.933832    0.506459    37.969018   
31          9         1           9.5800      2.366414    0.579730    44.617722   
32          0         1           9.7400      3.315898    0.090105    6.960973    
32          1         1           11.3500     3.212193    0.122463    8.308239    
32          2         1           8.9200      2.200859    0.766751    45.999935   
32          3         1           9.8000      2.441547    0.197842    22.031556   
32          4         1           10.2800     4.438264    0.145417    10.089053   
32          5         1           10.3200     2.500798    0.523650    42.310733   
32          6         1           10.0900     1.948513    0.613247    43.045654   
32          7         1           9.8200      2.224355    0.481370    38.908653   
32          8         1           10.1000     2.810254    0.516419    40.001726   
32          9         1           9.5800      2.536039    0.498978    39.322843   
33          0         1           9.7400      2.660578    0.356388    28.373012   
33          1         1           11.3500     3.026316    0.153423    10.471669   
33          2         1           8.9200      2.010030    0.770877    47.378708   
33          3         1           9.8000      2.626797    0.194203    22.124144   
33          4         1           10.2800     2.649237    0.425595    30.591181   
33          5         1           10.3200     2.903517    0.509885    41.181868   
33          6         1           10.0900     3.042935    0.515038    36.973432   
33          7         1           9.8200      2.381671    0.500128    40.272624   
33          8         1           10.1000     2.770502    0.495821    39.670014   
33          9         1           9.5800      2.407392    0.559475    45.084332   
34          0         1           9.7400      1.594262    0.658400    53.372023   
34          1         1           11.3500     4.189623    0.143779    10.176684   
34          2         1           8.9200      2.286154    0.732911    45.957369   
34          3         1           9.8000      2.995641    0.157633    18.778858   
34          4         1           10.2800     0.482051    0.335914    24.385111   
34          5         1           10.3200     2.419907    0.519800    43.294228   
34          6         1           10.0900     2.334761    0.612516    44.281805   
34          7         1           9.8200      1.738205    0.441401    37.336072   
34          8         1           10.1000     2.545761    0.498767    40.007583   
34          9         1           9.5800      1.826352    0.556788    45.655731   
35          0         1           9.7400      0.798441    0.426164    35.036805   
35          1         1           11.3500     3.553243    0.281683    20.078423   
35          2         1           8.9200      1.978905    0.771538    48.701949   
35          3         1           9.8000      1.648945    0.178775    21.499421   
35          4         1           10.2800     1.809000    0.017834    1.404386    
35          5         1           10.3200     2.734392    0.492638    42.176331   
35          6         1           10.0900     2.390296    0.585244    43.391748   
35          7         1           9.8200      1.658187    0.341952    29.305337   
35          8         1           10.1000     2.836295    0.518857    42.404375   
35          9         1           9.5800      1.799772    0.538031    44.751438   
36          0         1           9.7400      2.644412    0.155976    12.810838   
36          1         1           11.3500     3.177549    0.266060    19.750119   
36          2         1           8.9200      2.256544    0.740712    47.446395   
36          3         1           9.8000      3.061400    0.147894    17.800277   
36          4         1           10.2800     1.284334    0.017402    1.364790    
36          5         1           10.3200     1.962701    0.491494    42.383566   
36          6         1           10.0900     2.783605    0.591358    44.546583   
36          7         1           9.8200      2.770179    0.259012    22.175244   
36          8         1           10.1000     2.410241    0.504016    41.881503   
36          9         1           9.5800      2.217938    0.354197    30.842745   
37          0         1           9.7400      2.498351    0.223133    19.195803   
37          1         1           11.3500     1.593897    0.278333    21.007814   
37          2         1           8.9200      2.250859    0.764218    50.086206   
37          3         1           9.8000      2.410787    0.166256    20.295272   
37          4         1           10.2800     4.000869    0.023281    1.961377    
37          5         1           10.3200     3.058856    0.391170    34.147340   
37          6         1           10.0900     2.669724    0.628330    47.848684   
37          7         1           9.8200      2.110085    0.368910    32.568835   
37          8         1           10.1000     2.816706    0.476017    40.114929   
37          9         1           9.5800      0.992697    0.435113    37.856219   
38          0         1           9.7400      2.789579    0.327780    28.536241   
38          1         1           11.3500     3.438567    0.083691    6.481248    
38          2         1           8.9200      2.215565    0.767639    50.240075   
38          3         1           9.8000      2.153850    0.151887    19.027538   
38          4         1           10.2800     3.398941    0.382211    29.916435   
38          5         1           10.3200     2.628408    0.487952    44.012911   
38          6         1           10.0900     1.960354    0.656342    50.527640   
38          7         1           9.8200      3.021754    0.353280    31.606818   
38          8         1           10.1000     2.622950    0.465208    40.008377   
38          9         1           9.5800      0.834141    0.208230    18.301120   
39          0         1           9.7400      2.834827    0.553021    47.979423   
39          1         1           11.3500     0.941380    0.127394    9.794074    
39          2         1           8.9200      2.204740    0.732080    49.395270   
39          3         1           9.8000      2.681578    0.130837    16.447702   
39          4         1           10.2800     1.898924    0.430680    34.313729   
39          5         1           10.3200     2.086612    0.489096    44.521038   
39          6         1           10.0900     2.594493    0.611014    47.905712   
39          7         1           9.8200      2.068026    0.500318    45.959941   
39          8         1           10.1000     3.075933    0.469391    40.555749   
39          9         1           9.5800      1.278408    0.022765    2.227749    
40          0         1           9.7400      2.231083    0.656824    58.737858   
40          1         1           11.3500     2.914728    0.019695    1.755104    
40          2         1           8.9200      2.155271    0.768328    52.216876   
40          3         1           9.8000      2.913311    0.142504    18.753143   
40          4         1           10.2800     3.301134    0.345820    27.685714   
40          5         1           10.3200     2.884120    0.428096    40.014480   
40          6         1           10.0900     2.624025    0.639293    50.604704   
40          7         1           9.8200      2.394991    0.438537    41.560181   
40          8         1           10.1000     2.591701    0.516170    45.666894   
40          9         1           9.5800      2.220483    0.018196    1.745026    
41          0         1           9.7400      1.058941    0.643652    59.118977   
41          1         1           11.3500     2.935600    0.101974    8.235479    
41          2         1           8.9200      2.191083    0.736965    50.520719   
41          3         1           9.8000      2.366232    0.151880    19.747168   
41          4         1           10.2800     2.667226    0.443475    36.288481   
41          5         1           10.3200     2.683876    0.511136    48.182636   
41          6         1           10.0900     1.778381    0.666652    52.762786   
41          7         1           9.8200      2.603634    0.472109    45.173381   
41          8         1           10.1000     2.210301    0.491297    43.772291   
41          9         1           9.5800      2.152391    0.073193    6.979780    
42          0         1           9.7400      1.712423    0.561417    52.046712   
42          1         1           11.3500     4.194418    0.060497    4.834652    
42          2         1           8.9200      2.155271    0.759872    53.253174   
42          3         1           9.8000      2.080604    0.135324    17.454312   
42          4         1           10.2800     2.960643    0.436635    36.541735   
42          5         1           10.3200     2.243474    0.488283    46.902952   
42          6         1           10.0900     2.356178    0.606460    49.329827   
42          7         1           9.8200      2.185178    0.472559    45.759646   
42          8         1           10.1000     2.713916    0.509368    46.980013   
42          9         1           9.5800      1.301958    0.145867    14.074097   
43          0         1           9.7400      2.263323    0.530342    48.754798   
43          1         1           11.3500     2.233715    0.228763    18.589170   
43          2         1           8.9200      2.155789    0.736998    52.074843   
43          3         1           9.8000      2.158980    0.094431    13.289929   
43          4         1           10.2800     0.739550    0.405437    34.655937   
43          5         1           10.3200     2.623325    0.500115    48.234600   
43          6         1           10.0900     2.502608    0.617077    51.664128   
43          7         1           9.8200      1.888398    0.476667    45.298207   
43          8         1           10.1000     1.363851    0.470028    43.630367   
43          9         1           9.5800      1.924485    0.163076    15.831846   
44          0         1           9.7400      1.686364    0.532764    49.478490   
44          1         1           11.3500     2.245906    0.213672    17.850146   
44          2         1           8.9200      1.929816    0.760490    54.712251   
44          3         1           9.8000      2.440729    0.084511    11.750051   
44          4         1           10.2800     2.431494    0.101401    8.730217    
44          5         1           10.3200     2.587421    0.495572    48.876033   
44          6         1           10.0900     2.507716    0.616710    51.934457   
44          7         1           9.8200      2.373031    0.462600    45.441760   
44          8         1           10.1000     1.343684    0.205589    19.154219   
44          9         1           9.5800      2.900162    0.349721    33.986489   
45          0         1           9.7400      1.214029    0.618912    58.247022   
45          1         1           11.3500     3.360516    0.192804    16.304337   
45          2         1           8.9200      1.697959    0.779841    57.188574   
45          3         1           9.8000      1.932103    0.093859    13.027861   
45          4         1           10.2800     2.567973    0.067109    5.828626    
45          5         1           10.3200     2.715791    0.502054    49.532702   
45          6         1           10.0900     1.686196    0.615248    52.812642   
45          7         1           9.8200      2.413543    0.472169    47.067891   
45          8         1           10.1000     3.179844    0.101305    9.780403    
45          9         1           9.5800      2.642533    0.467846    46.762175   
46          0         1           9.7400      2.006089    0.371952    35.678463   
46          1         1           11.3500     1.738974    0.205227    17.570214   
46          2         1           8.9200      2.125636    0.718858    51.971367   
46          3         1           9.8000      2.400784    0.092064    12.378727   
46          4         1           10.2800     3.054359    0.083057    7.508712    
46          5         1           10.3200     2.165245    0.493769    50.428402   
46          6         1           10.0900     2.962184    0.453097    38.564838   
46          7         1           9.8200      2.259816    0.477197    48.872663   
46          8         1           10.1000     2.788003    0.381515    37.137928   
46          9         1           9.5800      2.328061    0.554050    56.327274   
47          0         1           9.7400      1.136426    0.571988    55.273218   
47          1         1           11.3500     2.419722    0.058933    5.116864    
47          2         1           8.9200      1.959776    0.774705    56.760735   
47          3         1           9.8000      2.704542    0.103149    14.613834   
47          4         1           10.2800     2.852027    0.215440    19.354690   
47          5         1           10.3200     1.962097    0.470901    48.009675   
47          6         1           10.0900     2.557306    0.561674    48.479509   
47          7         1           9.8200      2.155438    0.432137    44.570722   
47          8         1           10.1000     2.448258    0.480290    47.206896   
47          9         1           9.5800      1.957830    0.529576    54.690413   
48          0         1           9.7400      0.726290    0.479863    46.827101   
48          1         1           11.3500     2.225881    0.074340    6.774753    
48          2         1           8.9200      2.111819    0.775875    57.147711   
48          3         1           9.8000      2.477087    0.123889    17.282184   
48          4         1           10.2800     2.718898    0.439251    40.197702   
48          5         1           10.3200     2.733849    0.402155    41.530359   
48          6         1           10.0900     2.072933    0.637914    56.677097   
48          7         1           9.8200      2.072700    0.486189    50.444651   
48          8         1           10.1000     1.385028    0.459203    46.096898   
48          9         1           9.5800      1.790986    0.506048    52.908414   
49          0         1           9.7400      3.917928    0.150648    14.880697   
49          1         1           11.3500     4.204385    0.025264    2.498614    
49          2         1           8.9200      1.994522    0.777466    59.288225   
49          3         1           9.8000      2.429328    0.119628    17.219757   
49          4         1           10.2800     2.538239    0.485837    44.596850   
49          5         1           10.3200     1.988516    0.444638    47.160632   
49          6         1           10.0900     2.532026    0.532740    47.735630   
49          7         1           9.8200      1.461983    0.423178    44.216164   
49          8         1           10.1000     2.050177    0.452818    45.163924   
49          9         1           9.5800      2.122791    0.512068    53.760215   
50          0         1           9.7400      2.008136    0.636958    64.606992   
50          1         1           11.3500     3.149365    0.231181    20.944657   
50          2         1           8.9200      1.944522    0.785945    60.287201   
50          3         1           9.8000      2.381267    0.106234    16.005264   
50          4         1           10.2800     0.819555    0.439469    41.107949   
50          5         1           10.3200     2.677644    0.387419    41.966294   
50          6         1           10.0900     2.013322    0.638815    57.793066   
50          7         1           9.8200      2.193468    0.348126    37.491521   
50          8         1           10.1000     2.499620    0.453025    45.644381   
50          9         1           9.5800      1.936522    0.492389    52.359596   
51          0         1           9.7400      1.373274    0.645541    65.569095   
51          1         1           11.3500     1.857847    0.223324    20.835421   
51          2         1           8.9200      1.821934    0.799479    60.991800   
51          3         1           9.8000      2.604571    0.117342    17.354510   
51          4         1           10.2800     3.193157    0.143015    13.779047   
51          5         1           10.3200     2.092893    0.474088    51.586930   
51          6         1           10.0900     2.293106    0.574189    52.121743   
51          7         1           9.8200      1.901683    0.364361    39.561222   
51          8         1           10.1000     1.932428    0.464439    47.579546   
51          9         1           9.5800      1.793070    0.511397    55.112924   
52          0         1           9.7400      0.499299    0.492922    51.061386   
52          1         1           11.3500     3.977469    0.131585    12.186573   
52          2         1           8.9200      1.636197    0.711073    55.343396   
52          3         1           9.8000      2.832771    0.114120    17.212348   
52          4         1           10.2800     1.594808    0.354704    33.809703   
52          5         1           10.3200     1.779320    0.421519    46.181852   
52          6         1           10.0900     2.318652    0.657731    60.131817   
52          7         1           9.8200      1.667670    0.443881    48.548524   
52          8         1           10.1000     2.875288    0.398987    40.997745   
52          9         1           9.5800      2.119816    0.451710    49.393073   
53          0         1           9.7400      1.851938    0.330233    33.323290   
53          1         1           11.3500     1.203945    0.195412    18.302603   
53          2         1           8.9200      1.693129    0.775749    59.919064   
53          3         1           9.8000      1.896814    0.132566    19.718015   
53          4         1           10.2800     1.729471    0.350750    34.534680   
53          5         1           10.3200     1.662549    0.383030    42.857151   
53          6         1           10.0900     1.544827    0.606297    56.596483   
53          7         1           9.8200      2.084486    0.502626    55.216567   
53          8         1           10.1000     2.641467    0.474951    51.075007   
53          9         1           9.5800      1.574566    0.505098    55.435551   
54          0         1           9.7400      3.005134    0.283382    29.297157   
54          1         1           11.3500     2.139862    0.013745    1.398223    
54          2         1           8.9200      2.010681    0.744917    58.697998   
54          3         1           9.8000      1.433279    0.115151    17.623846   
54          4         1           10.2800     2.646079    0.204649    20.304777   
54          5         1           10.3200     1.211875    0.387130    43.598520   
54          6         1           10.0900     3.068771    0.424033    39.860465   
54          7         1           9.8200      2.204367    0.444705    49.509303   
54          8         1           10.1000     2.183483    0.477399    51.334435   
54          9         1           9.5800      1.271240    0.460468    50.812798   
55          0         1           9.7400      2.202801    0.617616    63.862167   
55          1         1           11.3500     2.483587    0.017650    1.749830    
55          2         1           8.9200      1.909228    0.804306    63.406417   
55          3         1           9.8000      3.022755    0.079890    12.399085   
55          4         1           10.2800     3.255097    0.252146    25.013392   
55          5         1           10.3200     3.123541    0.211863    24.178163   
55          6         1           10.0900     2.229220    0.563916    54.157844   
55          7         1           9.8200      2.144020    0.484115    53.760160   
55          8         1           10.1000     2.731495    0.428920    47.070056   
55          9         1           9.5800      1.872855    0.507339    56.601711   
56          0         1           9.7400      1.744339    0.655443    70.679851   
56          1         1           11.3500     3.221424    0.010800    1.087799    
56          2         1           8.9200      1.979816    0.775535    62.472438   
56          3         1           9.8000      2.327384    0.113771    17.712905   
56          4         1           10.2800     1.985811    0.401101    39.769132   
56          5         1           10.3200     2.296068    0.433382    49.795598   
56          6         1           10.0900     2.691869    0.579221    54.918984   
56          7         1           9.8200      2.187136    0.453386    51.239995   
56          8         1           10.1000     2.586038    0.487100    52.964910   
56          9         1           9.5800      1.639469    0.506378    57.804808   
57          0         1           9.7400      1.264483    0.625341    67.095182   
57          1         1           11.3500     2.835851    0.156496    15.389410   
57          2         1           8.9200      1.859228    0.780664    64.279842   
57          3         1           9.8000      2.449634    0.123510    19.502176   
57          4         1           10.2800     1.965380    0.453832    46.015695   
57          5         1           10.3200     2.434782    0.447670    52.085195   
57          6         1           10.0900     1.726029    0.660853    63.857347   
57          7         1           9.8200      1.938473    0.449433    52.098721   
57          8         1           10.1000     2.351180    0.507382    55.145832   
57          9         1           9.5800      1.278026    0.420551    49.226872   
58          0         1           9.7400      2.139367    0.508782    55.868481   
58          1         1           11.3500     1.269020    0.148789    14.810139   
58          2         1           8.9200      1.979816    0.759126    62.189166   
58          3         1           9.8000      1.616255    0.114063    17.777123   
58          4         1           10.2800     2.129648    0.357851    36.819069   
58          5         1           10.3200     1.794300    0.454517    53.550404   
58          6         1           10.0900     2.467372    0.520832    49.875219   
58          7         1           9.8200      2.013703    0.428171    50.208968   
58          8         1           10.1000     2.088921    0.457360    50.401436   
58          9         1           9.5800      1.227487    0.518103    60.015433   
59          0         1           9.7400      1.996963    0.630240    70.085737   
59          1         1           11.3500     2.553634    0.087387    8.831545    
59          2         1           8.9200      1.892265    0.788486    65.614537   
59          3         1           9.8000      2.532535    0.098524    15.292108   
59          4         1           10.2800     2.816398    0.277222    28.912619   
59          5         1           10.3200     2.091692    0.418197    48.827447   
59          6         1           10.0900     2.314620    0.664707    64.843904   
59          7         1           9.8200      2.012587    0.461506    54.475016   
59          8         1           10.1000     2.224815    0.411411    46.631181   
59          9         1           9.5800      1.893480    0.445199    52.580132   
60          0         1           9.7400      1.890492    0.664503    73.408542   
60          1         1           11.3500     3.244293    0.165369    16.890511   
60          2         1           8.9200      1.691290    0.821058    68.152611   
60          3         1           9.8000      1.656717    0.117946    18.899867   
60          4         1           10.2800     1.401980    0.347322    36.053143   
60          5         1           10.3200     2.056301    0.366631    43.429219   
60          6         1           10.0900     2.024065    0.655457    65.173972   
60          7         1           9.8200      1.847312    0.420434    50.659073   
60          8         1           10.1000     1.623982    0.382232    43.250755   
60          9         1           9.5800      0.835885    0.437275    52.212864   
61          0         1           9.7400      1.920517    0.641324    71.358329   
61          1         1           11.3500     2.239954    0.208492    21.936657   
61          2         1           8.9200      1.641290    0.822259    68.666348   
61          3         1           9.8000      2.874933    0.098239    15.658086   
61          4         1           10.2800     2.215986    0.246736    26.174619   
61          5         1           10.3200     2.453148    0.363966    43.573903   
61          6         1           10.0900     1.478480    0.581421    58.583425   
61          7         1           9.8200      2.258590    0.399653    47.727667   
61          8         1           10.1000     3.414365    0.281795    32.351347   
61          9         1           9.5800      2.095904    0.302162    36.434503   
62          0         1           9.7400      1.333814    0.627298    71.575874   
62          1         1           11.3500     1.062239    0.124395    13.166584   
62          2         1           8.9200      1.944522    0.796977    66.987177   
62          3         1           9.8000      1.647931    0.108348    17.435699   
62          4         1           10.2800     2.880777    0.405938    44.332328   
62          5         1           10.3200     2.310862    0.453836    54.990059   
62          6         1           10.0900     1.959462    0.474072    47.290227   
62          7         1           9.8200      1.141073    0.443540    54.614161   
62          8         1           10.1000     2.169049    0.473865    55.250914   
62          9         1           9.5800      2.010465    0.376339    45.307923   
63          0         1           9.7400      1.352099    0.571600    65.146538   
63          1         1           11.3500     1.764279    0.013377    1.466171    
63          2         1           8.9200      1.641290    0.819812    69.571197   
63          3         1           9.8000      1.427199    0.087369    14.209516   
63          4         1           10.2800     2.307501    0.431642    47.335998   
63          5         1           10.3200     1.788202    0.436320    53.356433   
63          6         1           10.0900     2.873813    0.474303    47.635201   
63          7         1           9.8200      2.857633    0.318816    39.755162   
63          8         1           10.1000     2.112003    0.419525    48.316901   
63          9         1           9.5800      1.730683    0.386310    47.871847   
64          0         1           9.7400      1.938898    0.550078    63.205524   
64          1         1           11.3500     2.392609    0.013495    1.480516    
64          2         1           8.9200      1.516874    0.836254    70.663229   
64          3         1           9.8000      1.993227    0.043080    7.166305    
64          4         1           10.2800     1.695913    0.451477    49.714885   
64          5         1           10.3200     2.108247    0.476545    59.912308   
64          6         1           10.0900     2.392577    0.623275    64.258601   
64          7         1           9.8200      1.846334    0.506479    61.251974   
64          8         1           10.1000     2.124788    0.430480    50.510100   
64          9         1           9.5800      1.782485    0.451870    56.549447   
65          0         1           9.7400      1.756914    0.603980    68.960832   
65          1         1           11.3500     3.302133    0.026373    2.640495    
65          2         1           8.9200      1.691290    0.820091    71.105255   
65          3         1           9.8000      1.558433    0.072143    12.182130   
65          4         1           10.2800     0.998419    0.285229    31.902623   
65          5         1           10.3200     2.177606    0.469799    58.233486   
65          6         1           10.0900     2.181972    0.638241    66.498681   
65          7         1           9.8200      2.203487    0.452205    55.194082   
65          8         1           10.1000     1.752647    0.472412    55.892032   
65          9         1           9.5800      1.490064    0.462734    58.267902   
66          0         1           9.7400      1.463174    0.643074    72.724363   
66          1         1           11.3500     2.123193    0.025572    2.806474    
66          2         1           8.9200      1.691290    0.801713    71.275499   
66          3         1           9.8000      2.227430    0.041148    7.106902    
66          4         1           10.2800     2.176745    0.109356    11.875179   
66          5         1           10.3200     1.787048    0.484472    59.510517   
66          6         1           10.0900     2.190555    0.567895    60.661249   
66          7         1           9.8200      2.175377    0.433965    55.520842   
66          8         1           10.1000     2.293192    0.436368    52.721656   
66          9         1           9.5800      2.218875    0.399227    50.845767   
67          0         1           9.7400      1.900250    0.498008    57.433723   
67          1         1           11.3500     1.405731    0.099306    10.761173   
67          2         1           8.9200      1.691290    0.804729    71.918643   
67          3         1           9.8000      1.741534    0.050867    8.592255    
67          4         1           10.2800     1.690394    0.075025    8.523604    
67          5         1           10.3200     2.425161    0.370500    47.120802   
67          6         1           10.0900     1.954778    0.609744    65.616645   
67          7         1           9.8200      2.069791    0.439641    56.528976   
67          8         1           10.1000     2.025370    0.483237    59.015017   
67          9         1           9.5800      2.413869    0.462273    59.022713   
68          0         1           9.7400      1.773101    0.530557    62.895705   
68          1         1           11.3500     2.228226    0.010678    1.202476    
68          2         1           8.9200      1.641290    0.824511    72.530219   
68          3         1           9.8000      2.457059    0.059141    10.166516   
68          4         1           10.2800     2.371527    0.238970    27.179588   
68          5         1           10.3200     1.896676    0.458803    58.857553   
68          6         1           10.0900     1.965611    0.652505    70.461875   
68          7         1           9.8200      1.414447    0.446792    56.094248   
68          8         1           10.1000     1.906959    0.458960    55.450006   
68          9         1           9.5800      1.197542    0.528987    68.698121   
69          0         1           9.7400      2.273850    0.540237    64.687830   
69          1         1           11.3500     2.046321    0.009544    1.001487    
69          2         1           8.9200      1.691290    0.809501    72.274505   
69          3         1           9.8000      2.226920    0.074651    12.986467   
69          4         1           10.2800     1.775131    0.312548    35.578856   
69          5         1           10.3200     1.934550    0.458307    59.446173   
69          6         1           10.0900     2.032798    0.685109    72.641629   
69          7         1           9.8200      1.410472    0.344749    45.154795   
69          8         1           10.1000     2.335263    0.397598    48.067518   
69          9         1           9.5800      1.264905    0.441847    57.704310   
70          0         1           9.7400      1.815163    0.654232    78.533457   
70          1         1           11.3500     2.054634    0.054414    6.233830    
70          2         1           8.9200      1.691290    0.811576    73.001266   
70          3         1           9.8000      2.834226    0.067211    11.446402   
70          4         1           10.2800     2.221209    0.344153    39.321628   
70          5         1           10.3200     1.450166    0.429672    55.875712   
70          6         1           10.0900     1.511113    0.651372    69.735864   
70          7         1           9.8200      2.105555    0.320596    42.268248   
70          8         1           10.1000     1.265354    0.477629    58.715395   
70          9         1           9.5800      1.481322    0.395470    51.806586   
71          0         1           9.7400      0.692100    0.680702    81.648199   
71          1         1           11.3500     1.467575    0.009463    1.041062    
71          2         1           8.9200      1.655996    0.809350    73.133811   
71          3         1           9.8000      1.873592    0.097107    17.142044   
71          4         1           10.2800     1.360650    0.394801    46.208129   
71          5         1           10.3200     1.801857    0.444273    57.044971   
71          6         1           10.0900     2.480582    0.536165    58.671828   
71          7         1           9.8200      1.660329    0.358834    47.704687   
71          8         1           10.1000     1.078262    0.285146    35.034945   
71          9         1           9.5800      1.342780    0.450933    59.018528   
72          0         1           9.7400      1.939139    0.445076    54.408756   
72          1         1           11.3500     1.486215    0.012333    1.451286    
72          2         1           8.9200      1.316722    0.786205    71.494669   
72          3         1           9.8000      2.223502    0.102395    18.001620   
72          4         1           10.2800     1.724826    0.218172    26.015667   
72          5         1           10.3200     2.071080    0.406838    54.418762   
72          6         1           10.0900     1.991132    0.650492    72.501740   
72          7         1           9.8200      2.188644    0.343201    45.595171   
72          8         1           10.1000     1.691131    0.178407    22.935297   
72          9         1           9.5800      1.517738    0.360957    47.813393   
73          0         1           9.7400      0.852785    0.523877    64.191061   
73          1         1           11.3500     0.509502    0.013170    1.731145    
73          2         1           8.9200      2.001152    0.687866    62.729373   
73          3         1           9.8000      2.006816    0.097055    17.100449   
73          4         1           10.2800     1.940155    0.161063    19.284747   
73          5         1           10.3200     1.741696    0.480828    64.887264   
73          6         1           10.0900     2.225896    0.624392    68.418294   
73          7         1           9.8200      1.646326    0.457916    60.960281   
73          8         1           10.1000     2.125980    0.168595    21.204599   
73          9         1           9.5800      1.935450    0.405548    54.837250   
74          0         1           9.7400      1.943694    0.463808    56.755669   
74          1         1           11.3500     2.878912    0.011508    1.365511    
74          2         1           8.9200      1.318152    0.820803    75.612483   
74          3         1           9.8000      1.516778    0.078899    14.110789   
74          4         1           10.2800     2.645505    0.151305    17.613408   
74          5         1           10.3200     2.217024    0.443325    60.562426   
74          6         1           10.0900     1.957765    0.641252    71.843639   
74          7         1           9.8200      2.173806    0.395746    52.970645   
74          8         1           10.1000     2.302342    0.244474    31.919396   
74          9         1           9.5800      1.967044    0.383961    52.175457   
75          0         1           9.7400      0.927946    0.579454    72.067611   
75          1         1           11.3500     0.553730    0.076356    9.254065    
75          2         1           8.9200      1.605996    0.805066    75.636682   
75          3         1           9.8000      1.826087    0.046702    8.206998    
75          4         1           10.2800     2.820872    0.272527    33.599497   
75          5         1           10.3200     2.012686    0.473269    63.528048   
75          6         1           10.0900     2.267392    0.620364    69.529980   
75          7         1           9.8200      1.593080    0.443192    60.678345   
75          8         1           10.1000     2.123830    0.359590    45.714827   
75          9         1           9.5800      1.511220    0.417580    56.916013   
76          0         1           9.7400      2.051370    0.353374    44.368551   
76          1         1           11.3500     1.965649    0.015913    1.896111    
76          2         1           8.9200      1.726584    0.789360    74.039900   
76          3         1           9.8000      2.474996    0.066987    12.197492   
76          4         1           10.2800     0.308546    0.392395    47.813320   
76          5         1           10.3200     2.037137    0.431215    59.239862   
76          6         1           10.0900     2.078497    0.661375    74.404331   
76          7         1           9.8200      1.099824    0.412105    58.129291   
76          8         1           10.1000     2.004820    0.351967    45.657308   
76          9         1           9.5800      2.111833    0.390322    53.406257   
77          0         1           9.7400      2.428342    0.480841    60.202676   
77          1         1           11.3500     2.412364    0.056798    6.807898    
77          2         1           8.9200      1.691290    0.796026    75.843315   
77          3         1           9.8000      1.557900    0.088896    15.509202   
77          4         1           10.2800     0.949567    0.029942    3.769220    
77          5         1           10.3200     2.239531    0.433732    59.882764   
77          6         1           10.0900     1.795290    0.644932    74.531550   
77          7         1           9.8200      1.424936    0.433380    61.082325   
77          8         1           10.1000     2.206982    0.458548    60.376469   
77          9         1           9.5800      1.785434    0.506235    71.073302   
78          0         1           9.7400      1.605173    0.616885    77.437599   
78          1         1           11.3500     0.732130    0.045657    5.508337    
78          2         1           8.9200      1.516874    0.819674    77.008010   
78          3         1           9.8000      1.566321    0.070405    12.633180   
78          4         1           10.2800     3.167856    0.020360    2.849551    
78          5         1           10.3200     1.943621    0.443646    61.769305   
78          6         1           10.0900     2.407404    0.544270    63.423712   
78          7         1           9.8200      1.850303    0.445850    61.387108   
78          8         1           10.1000     0.794098    0.449094    59.531069   
78          9         1           9.5800      1.746847    0.517911    72.064521   
79          0         1           9.7400      0.687298    0.662559    83.662708   
79          1         1           11.3500     2.501440    0.010766    1.300584    
79          2         1           8.9200      1.478946    0.810935    77.839285   
79          3         1           9.8000      1.099734    0.061739    10.752896   
79          4         1           10.2800     1.541217    0.260404    32.325828   
79          5         1           10.3200     1.772514    0.464858    64.697747   
79          6         1           10.0900     1.892715    0.656528    75.967123   
79          7         1           9.8200      1.720664    0.448107    63.930433   
79          8         1           10.1000     2.109500    0.273280    36.038933   
79          9         1           9.5800      1.562361    0.493609    69.633845   
80          0         1           9.7400      2.066909    0.407095    53.311437   
80          1         1           11.3500     1.501012    0.075578    9.134691    
80          2         1           8.9200      1.497849    0.785579    74.401110   
80          3         1           9.8000      1.983461    0.042366    7.596839    
80          4         1           10.2800     2.158868    0.172051    21.557479   
80          5         1           10.3200     1.324059    0.466434    65.630218   
80          6         1           10.0900     2.216487    0.617720    71.491273   
80          7         1           9.8200      1.788844    0.423869    59.690965   
80          8         1           10.1000     2.473917    0.352360    47.653657   
80          9         1           9.5800      1.588654    0.502124    71.570634   
81          0         1           9.7400      2.115465    0.512084    65.163063   
81          1         1           11.3500     2.169066    0.009526    1.198782    
81          2         1           8.9200      1.394727    0.819212    79.168674   
81          3         1           9.8000      2.611985    0.024436    4.333605    
81          4         1           10.2800     0.098933    0.155244    19.493494   
81          5         1           10.3200     2.236896    0.352318    49.300707   
81          6         1           10.0900     1.705940    0.603053    71.027775   
81          7         1           9.8200      1.373867    0.476797    66.131184   
81          8         1           10.1000     1.857774    0.437373    59.059569   
81          9         1           9.5800      1.271370    0.451410    65.491566   
82          0         1           9.7400      1.743979    0.604960    78.070760   
82          1         1           11.3500     2.871182    0.021904    2.728984    
82          2         1           8.9200      1.563128    0.751206    74.045674   
82          3         1           9.8000      1.606742    0.049036    9.387940    
82          4         1           10.2800     2.199025    0.015392    2.011217    
82          5         1           10.3200     1.949395    0.456799    64.950793   
82          6         1           10.0900     1.453678    0.584606    69.455453   
82          7         1           9.8200      1.984079    0.409828    58.997459   
82          8         1           10.1000     2.365812    0.395464    53.075625   
82          9         1           9.5800      1.292879    0.358155    51.539038   
83          0         1           9.7400      2.018946    0.591969    76.482767   
83          1         1           11.3500     0.774493    0.016206    1.985840    
83          2         1           8.9200      1.691290    0.805860    78.900191   
83          3         1           9.8000      1.489666    0.025944    4.842567    
83          4         1           10.2800     1.918169    0.100053    12.951516   
83          5         1           10.3200     0.951135    0.457164    65.652237   
83          6         1           10.0900     1.958128    0.536639    63.515272   
83          7         1           9.8200      1.625500    0.441051    64.210668   
83          8         1           10.1000     0.513443    0.438716    59.599935   
83          9         1           9.5800      2.594593    0.300094    43.990144   
84          0         1           9.7400      1.075843    0.671860    87.804811   
84          1         1           11.3500     2.577952    0.015038    1.807170    
84          2         1           8.9200      1.691290    0.807969    79.592174   
84          3         1           9.8000      1.709056    0.036393    6.821969    
84          4         1           10.2800     2.224635    0.239356    31.466605   
84          5         1           10.3200     1.496108    0.411503    59.574550   
84          6         1           10.0900     2.447961    0.489302    60.010337   
84          7         1           9.8200      0.398296    0.436548    63.091121   
84          8         1           10.1000     3.511767    0.117156    16.256651   
84          9         1           9.5800      1.310608    0.447288    64.584255   
85          0         1           9.7400      1.163204    0.507676    67.924375   
85          1         1           11.3500     1.797324    0.110962    13.681680   
85          2         1           8.9200      1.347650    0.834984    82.906648   
85          3         1           9.8000      1.389676    0.030245    5.665651    
85          4         1           10.2800     2.121200    0.257989    33.169114   
85          5         1           10.3200     1.704071    0.455738    66.562116   
85          6         1           10.0900     1.976159    0.607506    73.027112   
85          7         1           9.8200      2.056209    0.166365    24.527768   
85          8         1           10.1000     2.232975    0.418213    58.013521   
85          9         1           9.5800      2.362750    0.333534    50.161860   
86          0         1           9.7400      2.045333    0.431487    57.746212   
86          1         1           11.3500     2.919292    0.076141    9.788005    
86          2         1           8.9200      1.691290    0.766886    77.979743   
86          3         1           9.8000      1.891410    0.010933    2.193782    
86          4         1           10.2800     1.866927    0.353816    45.909624   
86          5         1           10.3200     1.998789    0.462991    68.516217   
86          6         1           10.0900     2.044492    0.611438    72.206756   
86          7         1           9.8200      0.259027    0.305098    45.005814   
86          8         1           10.1000     0.613238    0.483625    65.555031   
86          9         1           9.5800      0.611375    0.434256    65.419608   
87          0         1           9.7400      0.951644    0.579637    77.706067   
87          1         1           11.3500     1.718128    0.101860    12.755600   
87          2         1           8.9200      1.368238    0.792926    80.972308   
87          3         1           9.8000      1.992025    0.003216    0.657468    
87          4         1           10.2800     0.487914    0.398095    52.487943   
87          5         1           10.3200     1.967465    0.461272    68.538910   
87          6         1           10.0900     2.180295    0.625432    74.926913   
87          7         1           9.8200      1.119029    0.096449    14.414608   
87          8         1           10.1000     2.040164    0.288079    39.727910   
87          9         1           9.5800      2.234645    0.295980    44.255379   
88          0         1           9.7400      2.358732    0.455446    61.339632   
88          1         1           11.3500     2.516373    0.016602    1.998910    
88          2         1           8.9200      1.138776    0.829400    83.874887   
88          3         1           9.8000      2.184826    0.006443    1.189837    
88          4         1           10.2800     2.703962    0.374430    50.165883   
88          5         1           10.3200     0.553450    0.429894    63.967630   
88          6         1           10.0900     1.783642    0.611513    74.751600   
88          7         1           9.8200      2.813454    0.027253    4.314763    
88          8         1           10.1000     2.294951    0.416539    59.612649   
88          9         1           9.5800      1.391098    0.420569    63.097888   
89          0         1           9.7400      1.319189    0.629369    86.040715   
89          1         1           11.3500     1.119637    0.093565    11.838328   
89          2         1           8.9200      1.225265    0.843373    85.403537   
89          3         1           9.8000      1.642933    0.024453    4.550026    
89          4         1           10.2800     1.520829    0.437250    58.822400   
89          5         1           10.3200     1.526313    0.339530    51.484620   
89          6         1           10.0900     1.829072    0.633636    78.073745   
89          7         1           9.8200      2.229130    0.225512    33.326266   
89          8         1           10.1000     2.161199    0.479264    67.686182   
89          9         1           9.5800      1.859072    0.345842    53.193565   
90          0         1           9.7400      1.625415    0.602240    81.700838   
90          1         1           11.3500     1.240923    0.021586    3.069294    
90          2         1           8.9200      1.242062    0.843775    85.972038   
90          3         1           9.8000      1.405892    0.018813    3.795558    
90          4         1           10.2800     2.392446    0.410831    55.610044   
90          5         1           10.3200     2.507814    0.341550    51.872111   
90          6         1           10.0900     2.059227    0.645571    79.046753   
90          7         1           9.8200      2.402104    0.303517    46.490294   
90          8         1           10.1000     1.717851    0.468393    67.462609   
90          9         1           9.5800      1.809655    0.424738    64.488668   
91          0         1           9.7400      1.573255    0.623712    86.945466   
91          1         1           11.3500     2.377106    0.011423    1.490333    
91          2         1           8.9200      1.579509    0.773821    79.595501   
91          3         1           9.8000      3.191187    0.003118    0.646442    
91          4         1           10.2800     2.802139    0.398688    53.979876   
91          5         1           10.3200     1.702232    0.471170    70.537395   
91          6         1           10.0900     2.126095    0.637726    78.546659   
91          7         1           9.8200      1.916205    0.414671    62.443539   
91          8         1           10.1000     2.059958    0.429839    60.518618   
91          9         1           9.5800      2.091750    0.445716    68.638803   
92          0         1           9.7400      1.495846    0.678768    93.678898   
92          1         1           11.3500     2.295939    0.094754    12.803233   
92          2         1           8.9200      1.210356    0.839085    85.845306   
92          3         1           9.8000      1.870038    0.059104    11.354602   
92          4         1           10.2800     1.859719    0.422295    57.998362   
92          5         1           10.3200     2.098701    0.415515    63.417554   
92          6         1           10.0900     1.912696    0.650713    81.612324   
92          7         1           9.8200      1.843434    0.433787    64.936899   
92          8         1           10.1000     1.717145    0.456959    66.037105   
92          9         1           9.5800      1.724156    0.463353    72.473124   
93          0         1           9.7400      1.681154    0.661001    91.745359   
93          1         1           11.3500     1.293779    0.063203    8.359090    
93          2         1           8.9200      1.127945    0.765330    78.599353   
93          3         1           9.8000      0.828420    0.063257    12.113747   
93          4         1           10.2800     0.609413    0.343619    47.193445   
93          5         1           10.3200     2.015390    0.419976    64.986866   
93          6         1           10.0900     0.571229    0.647336    81.249956   
93          7         1           9.8200      1.212735    0.400910    62.564553   
93          8         1           10.1000     2.121154    0.444139    65.522837   
93          9         1           9.5800      1.167227    0.472525    73.470896   
94          0         1           9.7400      0.547383    0.663546    91.881545   
94          1         1           11.3500     1.172658    0.014414    1.942759    
94          2         1           8.9200      1.516922    0.737730    76.470456   
94          3         1           9.8000      1.383248    0.055865    10.950867   
94          4         1           10.2800     1.811105    0.136025    19.042613   
94          5         1           10.3200     2.021202    0.415762    63.685501   
94          6         1           10.0900     2.413697    0.338475    43.044430   
94          7         1           9.8200      1.829528    0.436173    65.280250   
94          8         1           10.1000     2.230773    0.431523    64.770555   
94          9         1           9.5800      1.932984    0.426447    67.325488   
95          0         1           9.7400      2.099422    0.374750    51.602478   
95          1         1           11.3500     1.243453    0.028965    3.854335    
95          2         1           8.9200      1.344127    0.807045    84.049373   
95          3         1           9.8000      1.607765    0.034997    7.134502    
95          4         1           10.2800     1.264306    0.222817    30.592736   
95          5         1           10.3200     1.978368    0.404502    64.586106   
95          6         1           10.0900     1.978020    0.529649    67.582823   
95          7         1           9.8200      2.199461    0.385141    60.510826   
95          8         1           10.1000     1.523771    0.455775    67.806638   
95          9         1           9.5800      1.760537    0.440340    70.778408   
96          0         1           9.7400      1.860950    0.600820    82.409905   
96          1         1           11.3500     0.527954    0.008626    1.197116    
96          2         1           8.9200      1.412865    0.766491    80.110527   
96          3         1           9.8000      1.972687    0.040808    7.903929    
96          4         1           10.2800     2.463173    0.057843    7.979799    
96          5         1           10.3200     2.162769    0.456813    69.294815   
96          6         1           10.0900     1.725029    0.605311    78.553239   
96          7         1           9.8200      1.959785    0.420242    66.569671   
96          8         1           10.1000     1.374148    0.400515    60.116645   
96          9         1           9.5800      0.665908    0.480644    76.483876   
97          0         1           9.7400      1.757566    0.656863    92.438325   
97          1         1           11.3500     1.529910    0.016959    2.410426    
97          2         1           8.9200      0.994409    0.759994    80.191812   
97          3         1           9.8000      0.963402    0.038702    7.990136    
97          4         1           10.2800     1.625170    0.171987    24.423767   
97          5         1           10.3200     1.737559    0.460434    71.781944   
97          6         1           10.0900     1.861868    0.640107    82.251809   
97          7         1           9.8200      1.241490    0.428114    68.003037   
97          8         1           10.1000     2.122332    0.320567    47.329693   
97          9         1           9.5800      2.038863    0.431751    68.460229   
98          0         1           9.7400      1.608911    0.658691    93.262910   
98          1         1           11.3500     2.269730    0.009527    1.382820    
98          2         1           8.9200      1.547516    0.688038    72.055309   
98          3         1           9.8000      1.171688    0.003345    0.691946    
98          4         1           10.2800     2.520472    0.121431    17.426012   
98          5         1           10.3200     0.528202    0.434212    68.731800   
98          6         1           10.0900     1.878452    0.637015    82.654370   
98          7         1           9.8200      2.000024    0.411721    63.492961   
98          8         1           10.1000     1.966508    0.378441    57.451667   
98          9         1           9.5800      1.310127    0.478208    77.010624   
99          0         1           9.7400      0.826950    0.673753    96.919522   
99          1         1           11.3500     2.324793    0.019751    2.797661    
99          2         1           8.9200      1.347650    0.848367    89.828848   
99          3         1           9.8000      2.420695    0.004532    0.896662    
99          4         1           10.2800     1.671020    0.233209    32.500400   
99          5         1           10.3200     1.914649    0.340162    54.140089   
99          6         1           10.0900     2.032798    0.649119    83.683569   
99          7         1           9.8200      1.124513    0.422589    66.915715   
99          8         1           10.1000     2.165685    0.453628    67.514209   
99          9         1           9.5800      0.658037    0.451841    72.839480   
100         0         1           9.7400      1.528426    0.514210    73.525929   
100         1         1           11.3500     0.719638    0.045449    6.236832    
100         2         1           8.9200      1.418238    0.810040    87.142426   
100         3         1           9.8000      1.869437    0.060225    12.354240   
100         4         1           10.2800     1.135619    0.148586    21.536563   
100         5         1           10.3200     1.951477    0.399418    63.247783   
100         6         1           10.0900     1.984185    0.622809    82.577060   
100         7         1           9.8200      1.459632    0.459923    69.853203   
100         8         1           10.1000     1.942819    0.439229    67.905384   
100         9         1           9.5800      0.558579    0.334785    55.366883   
