GlobalRnd   ClientID  LocEpoch    Accuracy    LR          Loss        GradNorm    
1           0         1           9.8000      0.010000    1.222869    0.000000    
1           1         1           76.7500     0.010000    1.301025    0.000000    
1           2         1           89.1000     0.010000    1.290369    0.000000    
1           3         1           81.3600     0.010000    1.317858    0.000000    
1           4         1           88.8900     0.010000    1.288832    0.000000    
2           0         1           77.6000     0.010000    0.018866    0.000000    
2           1         1           92.6900     0.010000    0.301424    0.000000    
2           2         1           80.7200     0.010000    0.298341    0.000000    
2           3         1           80.4100     0.010000    0.305673    0.000000    
2           4         1           91.6400     0.010000    0.298986    0.000000    
3           0         1           88.6200     0.010000    0.015329    0.000000    
3           1         1           95.1700     0.010000    0.204377    0.000000    
3           2         1           94.5900     0.010000    0.202540    0.000000    
3           3         1           89.1500     0.010000    0.207527    0.000000    
3           4         1           95.2200     0.010000    0.203156    0.000000    
4           0         1           92.8200     0.010000    0.012991    0.000000    
4           1         1           95.0000     0.010000    0.162816    0.000000    
4           2         1           96.1200     0.010000    0.161187    0.000000    
4           3         1           88.8300     0.010000    0.163505    0.000000    
4           4         1           59.9800     0.010000    0.164745    0.000000    
5           0         1           94.6200     0.010000    0.010451    0.000000    
5           1         1           93.5400     0.010000    0.139899    0.000000    
5           2         1           95.9000     0.010000    0.136096    0.000000    
5           3         1           95.6400     0.010000    0.139977    0.000000    
5           4         1           96.6300     0.010000    0.140139    0.000000    
6           0         1           95.2300     0.010000    0.010170    0.000000    
6           1         1           97.0300     0.010000    0.123790    0.000000    
6           2         1           96.6500     0.010000    0.118881    0.000000    
6           3         1           96.9000     0.010000    0.122474    0.000000    
6           4         1           96.3800     0.010000    0.122131    0.000000    
7           0         1           95.7700     0.010000    0.009484    0.000000    
7           1         1           97.1400     0.010000    0.112550    0.000000    
7           2         1           96.3300     0.010000    0.107471    0.000000    
7           3         1           97.2900     0.010000    0.110337    0.000000    
7           4         1           97.0700     0.010000    0.111509    0.000000    
8           0         1           96.2900     0.010000    0.008611    0.000000    
8           1         1           97.4100     0.010000    0.104732    0.000000    
8           2         1           97.3100     0.010000    0.099181    0.000000    
8           3         1           97.3600     0.010000    0.100083    0.000000    
8           4         1           97.6100     0.010000    0.102440    0.000000    
9           0         1           96.9300     0.010000    0.008080    0.000000    
9           1         1           97.6200     0.010000    0.094579    0.000000    
9           2         1           97.2200     0.010000    0.091402    0.000000    
9           3         1           97.3500     0.010000    0.093004    0.000000    
9           4         1           97.6100     0.010000    0.094150    0.000000    
10          0         1           97.0200     0.010000    0.007208    0.000000    
10          1         1           96.5200     0.010000    0.092378    0.000000    
10          2         1           97.4900     0.010000    0.085031    0.000000    
10          3         1           97.6900     0.010000    0.087977    0.000000    
10          4         1           75.3400     0.010000    0.090402    0.000000    
11          0         1           96.9100     0.010000    0.005816    0.000000    
11          1         1           96.9500     0.010000    0.087276    0.000000    
11          2         1           60.0700     0.010000    0.083870    0.000000    
11          3         1           97.7000     0.010000    0.084771    0.000000    
11          4         1           97.7700     0.010000    0.086661    0.000000    
12          0         1           97.0400     0.010000    0.004798    0.000000    
12          1         1           97.3100     0.010000    0.081788    0.000000    
12          2         1           97.9200     0.010000    0.078268    0.000000    
12          3         1           97.6400     0.010000    0.079409    0.000000    
12          4         1           97.6600     0.010000    0.083036    0.000000    
13          0         1           97.4100     0.010000    0.006660    0.000000    
13          1         1           97.9400     0.010000    0.079867    0.000000    
13          2         1           97.3700     0.010000    0.075586    0.000000    
13          3         1           97.9100     0.010000    0.075311    0.000000    
13          4         1           97.6100     0.010000    0.078167    0.000000    
14          0         1           97.7800     0.010000    0.006778    0.000000    
14          1         1           98.0800     0.010000    0.074907    0.000000    
14          2         1           97.3700     0.010000    0.070879    0.000000    
14          3         1           98.1700     0.010000    0.073966    0.000000    
14          4         1           94.6300     0.010000    0.075192    0.000000    
15          0         1           97.7600     0.010000    0.006578    0.000000    
15          1         1           98.2100     0.010000    0.071664    0.000000    
15          2         1           98.1300     0.010000    0.067538    0.000000    
15          3         1           97.7600     0.010000    0.071006    0.000000    
15          4         1           97.9000     0.010000    0.071356    0.000000    
16          0         1           97.9100     0.010000    0.005751    0.000000    
16          1         1           97.8100     0.010000    0.069223    0.000000    
16          2         1           98.1200     0.010000    0.067212    0.000000    
16          3         1           95.1800     0.010000    0.066825    0.000000    
16          4         1           97.9800     0.010000    0.069239    0.000000    
17          0         1           97.9100     0.010000    0.004558    0.000000    
17          1         1           97.9100     0.010000    0.067535    0.000000    
17          2         1           97.8900     0.010000    0.063007    0.000000    
17          3         1           97.9700     0.010000    0.065054    0.000000    
17          4         1           98.1200     0.010000    0.067257    0.000000    
18          0         1           97.9200     0.010000    0.004956    0.000000    
18          1         1           98.2300     0.010000    0.064031    0.000000    
18          2         1           98.1300     0.010000    0.059543    0.000000    
18          3         1           96.5700     0.010000    0.063869    0.000000    
18          4         1           97.9100     0.010000    0.063747    0.000000    
19          0         1           98.0700     0.010000    0.004584    0.000000    
19          1         1           97.9700     0.010000    0.062235    0.000000    
19          2         1           98.2200     0.010000    0.059199    0.000000    
19          3         1           98.2700     0.010000    0.061053    0.000000    
19          4         1           98.1500     0.010000    0.062560    0.000000    
20          0         1           98.0700     0.010000    0.005205    0.000000    
20          1         1           98.3500     0.010000    0.061087    0.000000    
20          2         1           98.1400     0.010000    0.058005    0.000000    
20          3         1           98.2000     0.010000    0.059251    0.000000    
20          4         1           97.6400     0.010000    0.062300    0.000000    
21          0         1           98.2000     0.010000    0.004002    0.000000    
21          1         1           97.9900     0.010000    0.058639    0.000000    
21          2         1           98.0700     0.010000    0.056257    0.000000    
21          3         1           98.2000     0.010000    0.056645    0.000000    
21          4         1           98.1900     0.010000    0.057948    0.000000    
22          0         1           98.1700     0.010000    0.004265    0.000000    
22          1         1           98.1700     0.010000    0.057656    0.000000    
22          2         1           97.9500     0.010000    0.053069    0.000000    
22          3         1           83.5700     0.010000    0.055964    0.000000    
22          4         1           98.3500     0.010000    0.057838    0.000000    
23          0         1           98.2000     0.010000    0.004727    0.000000    
23          1         1           98.5100     0.010000    0.056787    0.000000    
23          2         1           98.4100     0.010000    0.052168    0.000000    
23          3         1           98.2400     0.010000    0.053279    0.000000    
23          4         1           98.1800     0.010000    0.055560    0.000000    
24          0         1           98.2400     0.010000    0.003359    0.000000    
24          1         1           98.4000     0.010000    0.054696    0.000000    
24          2         1           98.4000     0.010000    0.050310    0.000000    
24          3         1           98.2700     0.010000    0.051459    0.000000    
24          4         1           98.2600     0.010000    0.054847    0.000000    
25          0         1           98.3100     0.010000    0.003955    0.000000    
25          1         1           97.9400     0.010000    0.051664    0.000000    
25          2         1           98.5200     0.010000    0.049812    0.000000    
25          3         1           98.3800     0.010000    0.050883    0.000000    
25          4         1           78.2500     0.010000    0.052682    0.000000    
26          0         1           98.2200     0.010000    0.003301    0.000000    
26          1         1           98.5300     0.010000    0.051082    0.000000    
26          2         1           98.4700     0.010000    0.048079    0.000000    
26          3         1           98.5000     0.010000    0.050240    0.000000    
26          4         1           98.4100     0.010000    0.051971    0.000000    
27          0         1           98.3900     0.010000    0.003775    0.000000    
27          1         1           98.3900     0.010000    0.050777    0.000000    
27          2         1           98.5900     0.010000    0.046256    0.000000    
27          3         1           98.4300     0.010000    0.047552    0.000000    
27          4         1           98.4300     0.010000    0.052849    0.000000    
28          0         1           98.4600     0.010000    0.003261    0.000000    
28          1         1           98.3100     0.010000    0.048930    0.000000    
28          2         1           98.4600     0.010000    0.044683    0.000000    
28          3         1           98.5000     0.010000    0.046818    0.000000    
28          4         1           97.9300     0.010000    0.048128    0.000000    
29          0         1           98.4600     0.010000    0.004172    0.000000    
29          1         1           98.5200     0.010000    0.048128    0.000000    
29          2         1           98.4800     0.010000    0.044111    0.000000    
29          3         1           98.2600     0.010000    0.045696    0.000000    
29          4         1           98.3500     0.010000    0.047742    0.000000    
30          0         1           98.5100     0.010000    0.003810    0.000000    
30          1         1           98.4300     0.010000    0.047195    0.000000    
30          2         1           98.5100     0.010000    0.044582    0.000000    
30          3         1           98.4400     0.010000    0.045689    0.000000    
30          4         1           67.8800     0.010000    0.048799    0.000000    
31          0         1           98.3800     0.010000    0.003178    0.000000    
31          1         1           98.5300     0.010000    0.047093    0.000000    
31          2         1           98.4400     0.010000    0.042159    0.000000    
31          3         1           98.6000     0.010000    0.043526    0.000000    
31          4         1           98.2400     0.010000    0.047672    0.000000    
32          0         1           98.5400     0.010000    0.003372    0.000000    
32          1         1           98.6100     0.010000    0.045718    0.000000    
32          2         1           98.4700     0.010000    0.041771    0.000000    
32          3         1           98.4900     0.010000    0.043188    0.000000    
32          4         1           98.5700     0.010000    0.045896    0.000000    
33          0         1           98.4900     0.010000    0.002726    0.000000    
33          1         1           98.6300     0.010000    0.043788    0.000000    
33          2         1           98.6000     0.010000    0.042340    0.000000    
33          3         1           98.5000     0.010000    0.042457    0.000000    
33          4         1           98.4900     0.010000    0.045407    0.000000    
34          0         1           98.5100     0.010000    0.002882    0.000000    
34          1         1           98.5500     0.010000    0.044220    0.000000    
34          2         1           98.2700     0.010000    0.040136    0.000000    
34          3         1           98.2600     0.010000    0.041277    0.000000    
34          4         1           98.3900     0.010000    0.044235    0.000000    
35          0         1           98.5500     0.010000    0.002879    0.000000    
35          1         1           98.3900     0.010000    0.043352    0.000000    
35          2         1           98.6300     0.010000    0.039918    0.000000    
35          3         1           97.8700     0.010000    0.041252    0.000000    
35          4         1           98.5700     0.010000    0.044666    0.000000    
36          0         1           98.5600     0.010000    0.003173    0.000000    
36          1         1           98.4700     0.010000    0.041633    0.000000    
36          2         1           98.6100     0.010000    0.038710    0.000000    
36          3         1           98.4400     0.010000    0.039746    0.000000    
36          4         1           98.6200     0.010000    0.043757    0.000000    
37          0         1           98.5700     0.010000    0.002410    0.000000    
37          1         1           98.5300     0.010000    0.043650    0.000000    
37          2         1           98.6900     0.010000    0.038534    0.000000    
37          3         1           98.6600     0.010000    0.039438    0.000000    
37          4         1           98.4800     0.010000    0.042206    0.000000    
38          0         1           98.6100     0.010000    0.002691    0.000000    
38          1         1           98.6000     0.010000    0.041361    0.000000    
38          2         1           98.7300     0.010000    0.038128    0.000000    
38          3         1           98.5700     0.010000    0.038873    0.000000    
38          4         1           98.6000     0.010000    0.041764    0.000000    
39          0         1           98.6300     0.010000    0.002543    0.000000    
39          1         1           98.6400     0.010000    0.040900    0.000000    
39          2         1           98.3900     0.010000    0.037637    0.000000    
39          3         1           98.5100     0.010000    0.037767    0.000000    
39          4         1           98.6800     0.010000    0.040355    0.000000    
40          0         1           98.6400     0.010000    0.002674    0.000000    
40          1         1           98.4000     0.010000    0.040554    0.000000    
40          2         1           97.4200     0.010000    0.037321    0.000000    
40          3         1           98.6200     0.010000    0.037436    0.000000    
40          4         1           98.4000     0.010000    0.040500    0.000000    
41          0         1           98.5900     0.010000    0.002371    0.000000    
41          1         1           98.6100     0.010000    0.039635    0.000000    
41          2         1           98.5100     0.010000    0.035686    0.000000    
41          3         1           98.6000     0.010000    0.037090    0.000000    
41          4         1           98.6000     0.010000    0.040875    0.000000    
42          0         1           98.6500     0.010000    0.002624    0.000000    
42          1         1           98.5800     0.010000    0.038974    0.000000    
42          2         1           98.5700     0.010000    0.035233    0.000000    
42          3         1           98.5400     0.010000    0.036416    0.000000    
42          4         1           98.5400     0.010000    0.039943    0.000000    
43          0         1           98.7400     0.010000    0.003014    0.000000    
43          1         1           98.7200     0.010000    0.038431    0.000000    
43          2         1           98.6700     0.010000    0.035466    0.000000    
43          3         1           98.5700     0.010000    0.034997    0.000000    
43          4         1           98.6400     0.010000    0.039278    0.000000    
44          0         1           98.7100     0.010000    0.002543    0.000000    
44          1         1           98.5100     0.010000    0.037333    0.000000    
44          2         1           98.3800     0.010000    0.032711    0.000000    
44          3         1           98.5500     0.010000    0.035538    0.000000    
44          4         1           98.6200     0.010000    0.038257    0.000000    
45          0         1           98.6800     0.010000    0.002419    0.000000    
45          1         1           98.6100     0.010000    0.037398    0.000000    
45          2         1           98.7000     0.010000    0.034020    0.000000    
45          3         1           98.4100     0.010000    0.033784    0.000000    
45          4         1           98.5600     0.010000    0.037162    0.000000    
46          0         1           98.7000     0.010000    0.001771    0.000000    
46          1         1           98.0200     0.010000    0.036418    0.000000    
46          2         1           98.6300     0.010000    0.031538    0.000000    
46          3         1           98.6900     0.010000    0.033072    0.000000    
46          4         1           98.6900     0.010000    0.037508    0.000000    
47          0         1           98.6500     0.010000    0.001862    0.000000    
47          1         1           98.7300     0.010000    0.036992    0.000000    
47          2         1           98.6700     0.010000    0.033017    0.000000    
47          3         1           98.7200     0.010000    0.032883    0.000000    
47          4         1           98.3700     0.010000    0.037664    0.000000    
48          0         1           98.7100     0.010000    0.002301    0.000000    
48          1         1           98.7200     0.010000    0.035536    0.000000    
48          2         1           98.6700     0.010000    0.031844    0.000000    
48          3         1           98.6600     0.010000    0.032990    0.000000    
48          4         1           98.5300     0.010000    0.036765    0.000000    
49          0         1           98.7100     0.010000    0.002272    0.000000    
49          1         1           98.7500     0.010000    0.035105    0.000000    
49          2         1           98.7100     0.010000    0.031732    0.000000    
49          3         1           98.5900     0.010000    0.032154    0.000000    
49          4         1           98.7500     0.010000    0.036112    0.000000    
50          0         1           98.7300     0.010000    0.002129    0.000000    
50          1         1           98.6400     0.010000    0.035497    0.000000    
50          2         1           98.5600     0.010000    0.032662    0.000000    
50          3         1           98.7900     0.010000    0.031992    0.000000    
50          4         1           98.4400     0.010000    0.034469    0.000000    
