GlobalRnd ClientID LocEpoch   Accuracy         LR       Loss   GradNorm
       1        0        1    94.5283   0.249423   0.342392   0.000000
       2        0        1    97.9200   0.139677   0.112084   0.000000
       3        0        1    97.1150   0.249423   0.077491   0.000000
       4        0        1    97.1700   0.249423   0.058748   0.000000
       5        0        1    96.4533   0.445398   0.049205   0.000000
       6        0        1    98.6717   0.139677   0.044869   0.000000
       7        0        1    98.8467   0.249423   0.034964   0.000000
       8        0        1    98.9350   0.139677   0.034483   0.000000
       9        0        1    99.1500   0.249423   0.028629   0.000000
      10        0        1    99.3150   0.249423   0.026950   0.000000
      11        0        1    99.4900   0.249423   0.022541   0.000000
      12        0        1    99.5550   0.249423   0.021808   0.000000
      13        0        1    99.4900   0.249423   0.020256   0.000000
      14        0        1    99.4583   0.249423   0.020815   0.000000
      15        0        1    99.5867   0.795353   0.016876   0.000000
      16        0        1    99.6117   0.445398   0.015770   0.000000
      17        0        1    99.6433   0.445398   0.013340   0.000000
      18        0        1    99.5467   0.249423   0.013230   0.000000
      19        0        1    99.6617   0.249423   0.013784   0.000000
      20        0        1    99.6650   0.445398   0.015411   0.000000
      21        0        1    99.7283   1.420273   0.013325   0.000000
      22        0        1    99.5983   0.249423   0.009082   0.000000
      23        0        1    99.7233   0.139677   0.011266   0.000000
      24        0        1    99.7167   0.445398   0.012187   0.000000
      25        0        1    99.5817   0.445398   0.011529   0.000000
      26        0        1    99.7183   0.445398   0.010715   0.000000
      27        0        1    99.7517   0.139677   0.009059   0.000000
      28        0        1    99.7450   0.435333   0.009233   0.000000
      29        0        1    99.7650   0.795353   0.010104   0.000000
      30        0        1    99.7867   0.078219   0.009274   0.000000
      31        0        1    99.7650   1.420273   0.010884   0.000000
      32        0        1    99.8067   1.420273   0.007403   0.000000
      33        0        1    99.6983   0.078219   0.007625   0.000000
      34        0        1    99.5683   0.065282   0.009747   0.000000
      35        0        1    99.8050   0.445398   0.007703   0.000000
      36        0        1    99.7917   0.249423   0.007102   0.000000
      37        0        1    99.7850   1.130417   0.007607   0.000000
      38        0        1    99.7933   0.252697   0.008657   0.000000
      39        0        1    99.7767   0.563578   0.008345   0.000000
      40        0        1    99.7933   0.427283   0.007869   0.000000
      41        0        1    99.8033   0.105268   0.007718   0.000000
      42        0        1    99.8283   0.093591   0.007646   0.000000
      43        0        1    99.7867   0.067042   0.006167   0.000000
      44        0        1    99.8200   0.078219   0.007218   0.000000
      45        0        1    99.8250   0.445398   0.006805   0.000000
      46        0        1    99.8400   0.602618   0.005704   0.000000
      47        0        1    99.8550   0.139677   0.005832   0.000000
      48        0        1    99.8300   1.231494   0.005946   0.000000
      49        0        1    99.8617   0.445398   0.005547   0.000000
      50        0        1    99.8733   0.723773   0.005486   0.000000
