GlobalRnd ClientID LocEpoch   Accuracy         LR       Loss   GradNorm
       1        0        1    92.4309   0.030365   0.668441   0.000000
       1        0        2    95.6194   0.066735   0.225647   0.000000
       1        1        1    82.7849   0.013508   0.932163   0.000000
       1        1        2    90.7626   0.023581   0.391211   0.000000
       1        2        1    91.9037   0.047699   0.646993   0.000000
       1        2        2    94.4407   0.092215   0.239324   0.000000
       1        3        1    89.5898   0.022092   0.790440   0.000000
       1        3        2    93.5268   0.035324   0.248905   0.000000
       1        4        1    90.3985   0.104785   0.932209   0.000000
       1        4        2    91.3440   0.078153   0.292492   0.000000
       2        0        1    91.8239   0.054224   0.309509   0.000000
       2        0        2    95.3927   0.066735   0.190139   0.000000
       2        1        1    95.5571   0.043072   0.351065   0.000000
       2        1        2    95.6547   0.075194   0.164716   0.000000
       2        2        1    95.7676   0.047699   0.318890   0.000000
       2        2        2    96.2406   0.092215   0.141483   0.000000
       2        3        1    96.1546   0.039450   0.283744   0.000000
       2        3        2    95.1383   0.063079   0.139656   0.000000
       2        4        1    91.1639   0.058680   0.353876   0.000000
       2        4        2    96.2292   0.078153   0.169706   0.000000
       3        0        1    94.1641   0.096828   0.153734   0.000000
       3        0        2    96.5116   0.119169   0.131932   0.000000
       3        1        1    96.9144   0.076915   0.146000   0.000000
       3        1        2    97.5100   0.042108   0.109113   0.000000
       3        2        1    95.8597   0.047699   0.160838   0.000000
       3        2        2    97.9298   0.092215   0.097153   0.000000
       3        3        1    95.4038   0.070447   0.126572   0.000000
       3        3        2    97.7019   0.112641   0.096392   0.000000
       3        4        1    96.6794   0.104785   0.138916   0.000000
       3        4        2    97.3323   0.249212   0.115866   0.000000
       4        0        1    96.8992   0.096828   0.126045   0.000000
       4        0        2    97.8499   0.119169   0.104234   0.000000
       4        1        1    96.8655   0.076915   0.111941   0.000000
       4        1        2    97.8225   0.075194   0.084286   0.000000
       4        2        1    97.7456   0.085177   0.113414   0.000000
       4        2        2    98.2738   0.092215   0.082116   0.000000
       4        3        1    96.1912   0.125799   0.090419   0.000000
       4        3        2    98.5992   0.112641   0.062115   0.000000
       4        4        1    97.4111   0.187116   0.100491   0.000000
       4        4        2    97.0959   0.078153   0.079569   0.000000
       5        0        1    97.7768   0.172908   0.106883   0.000000
       5        0        2    97.7987   0.212802   0.083557   0.000000
       5        1        1    98.1447   0.137348   0.089046   0.000000
       5        1        2    98.5744   0.239776   0.069639   0.000000
       5        2        1    97.5428   0.152102   0.086360   0.000000
       5        2        2    98.5810   0.092215   0.068795   0.000000
       5        3        1    97.0152   0.125799   0.066114   0.000000
       5        3        2    98.7548   0.201145   0.057377   0.000000
       5        4        1    98.2553   0.104785   0.074676   0.000000
       5        4        2    97.1297   0.139559   0.066394   0.000000
       6        0        1    98.3911   0.172908   0.080510   0.000000
       6        0        2    97.8061   0.119169   0.064650   0.000000
       6        1        1    98.0959   0.137348   0.070892   0.000000
       6        1        2    98.8868   0.134275   0.060082   0.000000
       6        2        1    97.4261   0.152102   0.066266   0.000000
       6        2        2    98.8820   0.294053   0.054057   0.000000
       6        3        1    98.6724   0.224640   0.055864   0.000000
       6        3        2    99.0203   0.112641   0.051568   0.000000
       6        4        1    97.4448   0.187116   0.059628   0.000000
       6        4        2    98.9757   0.249212   0.063125   0.000000
       7        0        1    98.3399   0.096828   0.072967   0.000000
       7        0        2    98.7933   0.119169   0.063900   0.000000
       7        1        1    97.6174   0.137348   0.068436   0.000000
       7        1        2    98.1349   0.134275   0.057009   0.000000
       7        2        1    98.7161   0.152102   0.059407   0.000000
       7        2        2    98.6117   0.164670   0.057882   0.000000
       7        3        1    98.8189   0.125799   0.041437   0.000000
       7        3        2    99.0753   0.112641   0.038699   0.000000
       7        4        1    99.1333   0.187116   0.055431   0.000000
       7        4        2    98.8519   0.139559   0.037793   0.000000
       8        0        1    98.8006   0.172908   0.065046   0.000000
       8        0        2    98.6032   0.119169   0.050601   0.000000
       8        1        1    98.4572   0.137348   0.055327   0.000000
       8        1        2    99.0724   0.134275   0.040983   0.000000
       8        2        1    98.5011   0.152102   0.062050   0.000000
       8        2        2    98.9250   0.164670   0.042705   0.000000
       8        3        1    98.8830   0.224640   0.038512   0.000000
       8        3        2    99.1394   0.201145   0.036940   0.000000
       8        4        1    98.9644   0.187116   0.050567   0.000000
       8        4        2    98.5930   0.139559   0.045161   0.000000
       9        0        1    98.3984   0.172908   0.054821   0.000000
       9        0        2    98.8665   0.212802   0.047432   0.000000
       9        1        1    98.4962   0.076915   0.051927   0.000000
       9        1        2    99.3067   0.134275   0.041920   0.000000
       9        2        1    97.8377   0.271610   0.051078   0.000000
       9        2        2    99.1216   0.294053   0.036695   0.000000
       9        3        1    98.3886   0.125799   0.038740   0.000000
       9        3        2    99.2950   0.201145   0.030743   0.000000
       9        4        1    98.2440   0.187116   0.042808   0.000000
       9        4        2    99.1108   0.249212   0.041773   0.000000
      10        0        1    98.5739   0.096828   0.046255   0.000000
      10        0        2    98.9688   0.119169   0.049160   0.000000
      10        1        1    98.9747   0.137348   0.046148   0.000000
      10        1        2    99.3458   0.239776   0.035873   0.000000
      10        2        1    98.8697   0.152102   0.043950   0.000000
      10        2        2    98.8943   0.164670   0.030660   0.000000
      10        3        1    98.7365   0.224640   0.033568   0.000000
      10        3        2    99.1943   0.112641   0.027209   0.000000
      10        4        1    99.1670   0.187116   0.038837   0.000000
      10        4        2    99.3246   0.139559   0.032637   0.000000
