GlobalRnd   ClientID  LocEpoch    Accuracy    LR          Loss        GradNorm    
1           0         1           9.8000      6.924533    0.123756    0.173753    
1           1         1           89.7800     0.144945    0.725781    3.265043    
1           2         1           90.6000     0.150557    0.773840    3.105287    
1           3         1           92.3000     0.114192    0.888134    3.479365    
1           4         1           82.2400     0.125068    0.810351    3.351997    
1           5         1           89.0900     0.114804    0.771808    3.367196    
1           6         1           92.0500     0.114523    0.805597    3.120363    
1           7         1           81.0400     0.144651    0.822112    3.386239    
1           8         1           89.3400     0.118262    0.812827    3.316505    
1           9         1           91.2200     0.129550    0.833101    3.311027    
2           0         1           40.5200     1.287938    0.111676    1.682277    
2           1         1           92.3900     0.083025    0.323780    2.832015    
2           2         1           89.9100     0.083613    0.331173    2.934509    
2           3         1           90.8100     0.091746    0.353980    2.927792    
2           4         1           92.4400     0.089465    0.342126    2.935632    
2           5         1           86.9700     0.080790    0.326872    2.939984    
2           6         1           92.8800     0.095579    0.325211    2.651324    
2           7         1           92.6700     0.099835    0.345086    2.781975    
2           8         1           90.9800     0.084850    0.329685    2.931464    
2           9         1           93.5900     0.091713    0.327882    2.870056    
3           0         1           81.7800     0.674872    0.026730    0.594636    
3           1         1           92.9400     0.115562    0.226375    2.346791    
3           2         1           93.8100     0.121569    0.230856    2.271671    
3           3         1           94.4700     0.113547    0.250421    2.505296    
3           4         1           94.4000     0.122160    0.222856    2.214155    
3           5         1           94.0500     0.120827    0.212671    2.187846    
3           6         1           92.2800     0.104559    0.228605    2.419779    
3           7         1           91.6600     0.119281    0.236282    2.320304    
3           8         1           94.0800     0.104148    0.222523    2.396768    
3           9         1           93.9000     0.117331    0.217226    2.258705    
4           0         1           91.0000     1.662400    0.013743    0.257635    
4           1         1           88.6700     0.142049    0.182020    2.026436    
4           2         1           96.4400     0.149087    0.186789    1.935882    
4           3         1           96.8000     0.129122    0.173716    2.024473    
4           4         1           96.3800     0.127384    0.167423    1.979976    
4           5         1           96.4100     0.137076    0.169575    1.905164    
4           6         1           93.5700     0.130318    0.166316    1.957096    
4           7         1           96.8000     0.136200    0.174721    1.930102    
4           8         1           92.2300     0.129743    0.179980    2.104679    
4           9         1           94.5200     0.134277    0.175363    1.959997    
5           0         1           96.7400     0.877035    0.026527    0.626665    
5           1         1           95.3400     0.153772    0.158657    1.823026    
5           2         1           96.2600     0.145253    0.154135    1.817947    
5           3         1           95.9900     0.125393    0.143355    1.876271    
5           4         1           89.4900     0.146039    0.147690    1.772210    
5           5         1           95.5400     0.150283    0.145327    1.755733    
5           6         1           96.5900     0.141674    0.138681    1.685825    
5           7         1           95.4700     0.148907    0.160094    1.830611    
5           8         1           96.9000     0.136761    0.150826    1.858757    
5           9         1           95.9800     0.146130    0.138324    1.780049    
6           0         1           95.0400     1.902675    0.005415    0.137345    
6           1         1           96.3500     0.167796    0.123243    1.569631    
6           2         1           97.0600     0.148857    0.134235    1.716824    
6           3         1           96.8600     0.139287    0.130442    1.690143    
6           4         1           96.2300     0.151845    0.118739    1.500138    
6           5         1           96.1100     0.156855    0.119023    1.589737    
6           6         1           96.5000     0.151029    0.141463    1.768888    
6           7         1           96.6000     0.160773    0.155640    1.805532    
6           8         1           96.9500     0.163607    0.130231    1.621250    
6           9         1           97.0800     0.153312    0.124246    1.605458    
7           0         1           95.2900     3.164109    0.001972    0.059446    
7           1         1           96.2700     0.170120    0.111333    1.477657    
7           2         1           97.3700     0.182613    0.127514    1.534534    
7           3         1           96.8000     0.153349    0.122504    1.669510    
7           4         1           91.3900     0.151237    0.111232    1.553955    
7           5         1           94.1000     0.162748    0.111709    1.453260    
7           6         1           96.2000     0.146346    0.109924    1.550441    
7           7         1           96.2000     0.152347    0.116675    1.600365    
7           8         1           97.1400     0.155903    0.111227    1.520650    
7           9         1           94.8500     0.139296    0.099063    1.518624    
8           0         1           96.9400     4.325122    0.001695    0.072351    
8           1         1           97.4500     0.175696    0.096725    1.314970    
8           2         1           95.9900     0.169669    0.114701    1.465146    
8           3         1           97.3500     0.160313    0.102795    1.454238    
8           4         1           93.9100     0.152569    0.101172    1.425421    
8           5         1           96.7500     0.166944    0.100544    1.395844    
8           6         1           97.3600     0.161046    0.100714    1.449376    
8           7         1           97.3400     0.149624    0.110459    1.539360    
8           8         1           97.5200     0.159793    0.101360    1.416915    
8           9         1           97.4200     0.146986    0.087706    1.355355    
9           0         1           98.0300     1.151155    0.008983    0.255592    
9           1         1           96.9100     0.188233    0.103915    1.394167    
9           2         1           97.3000     0.185179    0.106907    1.425558    
9           3         1           97.5400     0.163934    0.094160    1.368785    
9           4         1           97.7000     0.160331    0.096276    1.390292    
9           5         1           96.6500     0.182172    0.099122    1.346099    
9           6         1           97.7400     0.152306    0.095753    1.445491    
9           7         1           97.1500     0.180311    0.103038    1.364765    
9           8         1           97.1600     0.145383    0.081293    1.325419    
9           9         1           98.0300     0.157544    0.076528    1.251702    
10          0         1           96.8100     3.450131    0.001739    0.059520    
10          1         1           97.5600     0.193766    0.093761    1.311622    
10          2         1           97.9800     0.161056    0.084572    1.307773    
10          3         1           96.5400     0.171701    0.083559    1.291884    
10          4         1           97.1300     0.173873    0.087010    1.292757    
10          5         1           96.8200     0.170953    0.089446    1.330943    
10          6         1           97.0100     0.157485    0.078605    1.264726    
10          7         1           98.3200     0.165153    0.094933    1.341017    
10          8         1           97.5000     0.164358    0.090240    1.364532    
10          9         1           97.5200     0.160663    0.077495    1.282016    
11          0         1           96.8900     4.897371    0.005513    0.162478    
11          1         1           97.1000     0.176109    0.087009    1.277807    
11          2         1           97.8700     0.181055    0.080345    1.214246    
11          3         1           94.7500     0.148101    0.069376    1.258796    
11          4         1           97.9300     0.147554    0.077768    1.310821    
11          5         1           97.7600     0.169372    0.090929    1.303039    
11          6         1           97.5200     0.169570    0.079653    1.274084    
11          7         1           98.1100     0.159399    0.089858    1.331564    
11          8         1           96.9400     0.171339    0.095927    1.432439    
11          9         1           97.7700     0.161148    0.080864    1.305059    
12          0         1           96.4600     7.824918    0.001031    0.033638    
12          1         1           96.7800     0.157197    0.077519    1.256437    
12          2         1           97.7500     0.188020    0.073623    1.136495    
12          3         1           97.1600     0.155614    0.075038    1.215492    
12          4         1           97.8600     0.170788    0.066611    1.101117    
12          5         1           97.9800     0.175419    0.080005    1.247160    
12          6         1           98.0000     0.159153    0.069367    1.206017    
12          7         1           97.5200     0.165342    0.078305    1.252722    
12          8         1           97.6500     0.162540    0.070654    1.234264    
12          9         1           98.1500     0.155577    0.062417    1.142999    
13          0         1           96.5400     7.464116    0.000895    0.036468    
13          1         1           98.1800     0.165408    0.062346    1.100043    
13          2         1           97.7600     0.174327    0.081937    1.242667    
13          3         1           97.9500     0.141878    0.065491    1.190551    
13          4         1           97.7100     0.168523    0.078824    1.187555    
13          5         1           97.7800     0.179271    0.083999    1.252966    
13          6         1           97.9500     0.166772    0.067112    1.148899    
13          7         1           96.4400     0.167827    0.070214    1.155139    
13          8         1           97.8400     0.162888    0.076397    1.242013    
13          9         1           98.1300     0.147866    0.055050    1.111167    
14          0         1           96.9400     6.878700    0.001500    0.068565    
14          1         1           98.2100     0.170214    0.066759    1.154284    
14          2         1           95.1900     0.155866    0.064624    1.109007    
14          3         1           97.8500     0.149156    0.064404    1.237059    
14          4         1           97.8400     0.169237    0.067013    1.134180    
14          5         1           98.2000     0.177978    0.066066    1.122480    
14          6         1           98.5300     0.149486    0.053708    1.071355    
14          7         1           97.1500     0.160499    0.082660    1.320757    
14          8         1           98.2500     0.162660    0.056827    1.032630    
14          9         1           97.8200     0.169486    0.063078    1.161657    
15          0         1           97.6400     5.364938    0.002005    0.101340    
15          1         1           98.1500     0.152828    0.064217    1.135407    
15          2         1           97.6600     0.147766    0.054090    1.079574    
15          3         1           98.3900     0.145807    0.054904    1.111834    
15          4         1           97.5100     0.162340    0.069002    1.175364    
15          5         1           97.7100     0.167215    0.065785    1.136244    
15          6         1           97.7800     0.168772    0.051165    1.054560    
15          7         1           97.7100     0.177872    0.079209    1.263651    
15          8         1           97.7800     0.160037    0.065132    1.214199    
15          9         1           98.0700     0.173614    0.060548    1.105105    
16          0         1           98.1500     4.121302    0.001974    0.096643    
16          1         1           98.2900     0.188730    0.068511    1.136825    
16          2         1           98.2900     0.177931    0.060962    1.074978    
16          3         1           97.6700     0.156113    0.059150    1.132364    
16          4         1           98.3400     0.174415    0.061338    1.104055    
16          5         1           97.6100     0.189947    0.074735    1.178271    
16          6         1           98.2200     0.160916    0.052914    1.049098    
16          7         1           98.0800     0.170950    0.070039    1.177749    
16          8         1           97.5800     0.166152    0.064854    1.130286    
16          9         1           98.3900     0.158290    0.061220    1.152727    
17          0         1           98.2600     2.472794    0.003815    0.164346    
17          1         1           98.4500     0.180520    0.062134    1.038162    
17          2         1           98.0200     0.166488    0.056569    1.055505    
17          3         1           98.6400     0.163604    0.060164    1.112572    
17          4         1           98.1000     0.190987    0.055477    1.045631    
17          5         1           98.2900     0.243615    0.061631    1.133356    
17          6         1           98.4300     0.186938    0.047319    0.954609    
17          7         1           98.1800     0.168664    0.058519    1.081202    
17          8         1           98.3100     0.156825    0.058978    1.091026    
17          9         1           98.4900     0.183960    0.052256    1.053128    
18          0         1           98.2300     3.721589    0.000879    0.041253    
18          1         1           98.2500     0.184831    0.048751    0.963943    
18          2         1           97.8100     0.186386    0.066330    1.108185    
18          3         1           98.1500     0.155460    0.058870    1.134035    
18          4         1           98.3400     0.154691    0.056660    1.095900    
18          5         1           97.8200     0.155413    0.058838    1.091617    
18          6         1           98.4700     0.161060    0.046017    0.954355    
18          7         1           98.4400     0.174749    0.060138    1.080314    
18          8         1           98.3700     0.153077    0.053954    1.063426    
18          9         1           98.6600     0.154818    0.047242    1.071821    
19          0         1           98.6400     0.956096    0.003511    0.172644    
19          1         1           97.6800     0.158259    0.048737    0.988275    
19          2         1           97.7900     0.157848    0.056394    1.071342    
19          3         1           98.6400     0.153504    0.044732    1.002874    
19          4         1           98.3900     0.149007    0.044763    1.019346    
19          5         1           97.6200     0.211495    0.059507    1.037112    
19          6         1           98.0600     0.186138    0.050910    1.022859    
19          7         1           97.6200     0.156441    0.056710    1.131611    
19          8         1           98.5700     0.148009    0.046492    1.010964    
19          9         1           98.1700     0.173423    0.047814    0.982913    
20          0         1           98.3500     2.483570    0.001583    0.071764    
20          1         1           98.2000     0.146369    0.052954    1.069700    
20          2         1           98.3500     0.148849    0.048345    1.033701    
20          3         1           98.3000     0.171968    0.048564    1.030641    
20          4         1           98.5400     0.196626    0.041435    0.913488    
20          5         1           98.4000     0.153768    0.071685    1.258791    
20          6         1           98.2100     0.153070    0.043034    0.988357    
20          7         1           98.4900     0.161893    0.053786    1.066667    
20          8         1           98.4000     0.167260    0.051661    1.045621    
20          9         1           98.6700     0.162191    0.043189    0.979687    
21          0         1           97.6800     5.852653    0.000547    0.030900    
21          1         1           98.3700     0.191882    0.048219    0.975158    
21          2         1           98.6400     0.171148    0.058883    1.071206    
21          3         1           97.4300     0.164411    0.049074    1.072102    
21          4         1           98.1900     0.177749    0.056831    1.119099    
21          5         1           98.2200     0.151861    0.056767    1.155456    
21          6         1           98.1000     0.155802    0.043751    0.972985    
21          7         1           98.6000     0.167272    0.048509    1.058879    
21          8         1           98.2800     0.186031    0.052064    0.953021    
21          9         1           98.2200     0.152281    0.054308    1.093581    
22          0         1           98.6200     2.462679    0.003332    0.162649    
22          1         1           98.2200     0.181594    0.046732    0.963130    
22          2         1           98.5000     0.176468    0.048974    0.979575    
22          3         1           97.5000     0.163270    0.044178    0.980904    
22          4         1           98.3700     0.177139    0.039392    0.905002    
22          5         1           98.4200     0.166460    0.053755    1.019695    
22          6         1           98.4100     0.147678    0.034204    0.868058    
22          7         1           98.2700     0.195944    0.052808    0.987682    
22          8         1           98.5000     0.183872    0.042020    0.966351    
22          9         1           98.4100     0.160533    0.043515    0.957658    
23          0         1           98.1300     8.446612    0.000079    0.004194    
23          1         1           98.2900     0.151818    0.046176    1.008928    
23          2         1           97.8600     0.172615    0.045622    0.981840    
23          3         1           98.6400     0.145235    0.045518    1.024756    
23          4         1           98.5600     0.169936    0.038302    0.901075    
23          5         1           98.1800     0.180117    0.048116    1.003336    
23          6         1           98.4300     0.145224    0.041957    1.014866    
23          7         1           98.6400     0.167324    0.055349    1.045309    
23          8         1           98.7900     0.156734    0.046244    0.960503    
23          9         1           98.6200     0.180808    0.042577    0.896788    
24          0         1           98.6100     2.594715    0.002145    0.137001    
24          1         1           97.7100     0.217989    0.045730    0.885995    
24          2         1           97.6800     0.174601    0.040262    0.902041    
24          3         1           98.7400     0.122901    0.042837    1.034598    
24          4         1           98.0700     0.214631    0.043139    0.942693    
24          5         1           94.4300     0.149805    0.056913    1.122939    
24          6         1           98.3700     0.157566    0.037399    0.927100    
24          7         1           98.6000     0.158628    0.050117    1.029708    
24          8         1           98.1000     0.155530    0.056275    1.106973    
24          9         1           98.3700     0.169758    0.035891    0.877785    
25          0         1           98.5900     3.395599    0.004167    0.201156    
25          1         1           98.4300     0.165598    0.047105    0.978082    
25          2         1           98.6200     0.173990    0.049991    0.972543    
25          3         1           97.5200     0.146156    0.051253    1.091372    
25          4         1           97.4900     0.162436    0.038813    0.911286    
25          5         1           98.2400     0.179379    0.052239    1.065347    
25          6         1           98.2100     0.173074    0.043611    0.994195    
25          7         1           98.8700     0.187739    0.048170    1.050374    
25          8         1           98.6600     0.163000    0.044136    0.982014    
25          9         1           98.5100     0.163869    0.037626    0.906403    
26          0         1           98.3500     5.671617    0.001176    0.080900    
26          1         1           98.6000     0.204080    0.045701    1.001059    
26          2         1           98.6300     0.184333    0.040689    0.910756    
26          3         1           98.5200     0.139301    0.039614    0.945925    
26          4         1           98.5300     0.181107    0.039355    0.929756    
26          5         1           98.1100     0.151614    0.055974    1.066894    
26          6         1           98.6500     0.165083    0.031493    0.851492    
26          7         1           98.6500     0.143375    0.046059    1.063704    
26          8         1           98.5900     0.148876    0.042307    0.983342    
26          9         1           98.6000     0.154309    0.041047    0.993252    
27          0         1           98.8100     2.778340    0.005282    0.249777    
27          1         1           97.8600     0.192724    0.051823    1.014063    
27          2         1           98.5200     0.158684    0.045120    1.005481    
27          3         1           98.7700     0.164997    0.036365    0.946336    
27          4         1           98.7200     0.194004    0.036146    0.838094    
27          5         1           98.5100     0.175329    0.054187    1.126854    
27          6         1           98.6700     0.143620    0.038344    0.962911    
27          7         1           98.4700     0.215824    0.046703    0.952428    
27          8         1           98.8400     0.170594    0.029676    0.841209    
27          9         1           98.8900     0.248629    0.031558    0.821274    
28          0         1           98.7200     2.655043    0.004132    0.224286    
28          1         1           98.4900     0.187360    0.038633    0.880336    
28          2         1           98.5000     0.233275    0.030831    0.805694    
28          3         1           98.6000     0.169625    0.037621    0.955142    
28          4         1           98.4500     0.213740    0.044825    0.997259    
28          5         1           98.4200     0.159701    0.045476    0.988883    
28          6         1           98.6900     0.184036    0.031561    0.886366    
28          7         1           98.8100     0.127183    0.036821    0.922379    
28          8         1           98.6500     0.147623    0.049845    1.078937    
28          9         1           98.6000     0.164095    0.031685    0.901734    
29          0         1           98.7800     2.893494    0.007236    0.252183    
29          1         1           98.3600     0.174338    0.038893    0.897969    
29          2         1           98.6100     0.203501    0.035886    0.952174    
29          3         1           99.0100     0.167200    0.031690    0.889863    
29          4         1           98.8000     0.156528    0.038878    0.991617    
29          5         1           98.5400     0.170584    0.041177    0.942984    
29          6         1           98.7800     0.165900    0.032664    0.836300    
29          7         1           98.4100     0.230544    0.038887    0.950915    
29          8         1           98.7600     0.150643    0.035693    0.920969    
29          9         1           98.2300     0.205512    0.034218    0.865501    
30          0         1           98.8200     3.704947    0.002364    0.152847    
30          1         1           98.7800     0.190551    0.037175    0.873805    
30          2         1           98.3900     0.177256    0.030618    0.847797    
30          3         1           98.7500     0.159449    0.039912    0.985620    
30          4         1           98.7400     0.180325    0.029414    0.837601    
30          5         1           98.4600     0.137327    0.042228    0.998168    
30          6         1           98.6400     0.179168    0.032312    0.843066    
30          7         1           98.0200     0.134791    0.043154    1.008902    
30          8         1           98.6400     0.141699    0.040318    1.033404    
30          9         1           98.6100     0.191908    0.031602    0.868950    
31          0         1           98.8000     3.458583    0.002310    0.138695    
31          1         1           98.5800     0.165759    0.045309    1.079367    
31          2         1           98.8100     0.144321    0.034549    0.899988    
31          3         1           98.8200     0.175041    0.033062    0.872568    
31          4         1           98.3400     0.162204    0.031003    0.875495    
31          5         1           98.2700     0.120756    0.047484    1.074048    
31          6         1           98.7800     0.243422    0.028170    0.770535    
31          7         1           98.6300     0.158761    0.043292    1.015306    
31          8         1           98.5500     0.189634    0.035208    0.898016    
31          9         1           98.8900     0.152436    0.027566    0.827542    
32          0         1           98.7700     2.402976    0.002040    0.120624    
32          1         1           98.8100     0.208422    0.040633    0.903051    
32          2         1           98.5800     0.163072    0.045997    1.010168    
32          3         1           98.8200     0.154862    0.033873    0.902599    
32          4         1           98.5200     0.169739    0.040855    0.920964    
32          5         1           98.4300     0.196834    0.039342    0.940913    
32          6         1           98.8500     0.218829    0.027378    0.785361    
32          7         1           98.4300     0.178240    0.041709    0.967131    
32          8         1           98.3600     0.171144    0.032203    0.871789    
32          9         1           98.7900     0.218905    0.029185    0.823051    
33          0         1           98.4600     7.993031    0.000087    0.005683    
33          1         1           98.6700     0.161764    0.041526    0.977395    
33          2         1           98.5000     0.169331    0.036435    0.964717    
33          3         1           98.5800     0.145044    0.032681    0.886596    
33          4         1           98.7700     0.209263    0.030801    0.818899    
33          5         1           98.6900     0.189033    0.039703    0.947317    
33          6         1           98.6400     0.173122    0.029319    0.846645    
33          7         1           98.1400     0.155380    0.053670    1.122103    
33          8         1           98.8100     0.182878    0.034181    0.864698    
33          9         1           98.5600     0.178573    0.031361    0.866171    
34          0         1           98.9200     1.966808    0.006684    0.286947    
34          1         1           98.7100     0.198449    0.043278    0.964715    
34          2         1           98.7100     0.142675    0.041860    0.986390    
34          3         1           98.9100     0.165501    0.028113    0.859838    
34          4         1           98.6900     0.142056    0.035940    0.953846    
34          5         1           98.4600     0.145824    0.044071    1.003095    
34          6         1           98.6900     0.221629    0.031168    0.883390    
34          7         1           97.8100     0.203083    0.032950    0.871837    
34          8         1           97.9500     0.188455    0.037000    0.955449    
34          9         1           98.6400     0.227088    0.028616    0.818883    
35          0         1           98.7700     2.096639    0.004239    0.226132    
35          1         1           98.9300     0.283436    0.032693    0.807481    
35          2         1           98.9100     0.228614    0.027955    0.794804    
35          3         1           98.9700     0.196665    0.028208    0.819457    
35          4         1           98.6700     0.221403    0.028988    0.798684    
35          5         1           98.6000     0.154366    0.033338    0.882667    
35          6         1           98.8300     0.203174    0.032540    0.837637    
35          7         1           98.5300     0.185702    0.036136    0.977623    
35          8         1           98.9400     0.171832    0.028168    0.786209    
35          9         1           98.7400     0.166967    0.036692    1.004586    
36          0         1           98.9200     2.828218    0.006310    0.265931    
36          1         1           98.3300     0.156836    0.031149    0.860265    
36          2         1           98.8700     0.204518    0.029416    0.778717    
36          3         1           98.7500     0.166943    0.035231    0.957149    
36          4         1           98.5900     0.209093    0.030653    0.877098    
36          5         1           98.7200     0.200422    0.039622    0.896994    
36          6         1           98.8500     0.175648    0.031509    0.871379    
36          7         1           98.4900     0.150854    0.046355    1.042807    
36          8         1           98.5400     0.174391    0.040405    1.028319    
36          9         1           98.6500     0.173699    0.029015    0.870331    
37          0         1           98.8800     2.576465    0.006551    0.232743    
37          1         1           98.1600     0.171189    0.036578    0.950394    
37          2         1           98.7800     0.183754    0.037387    0.891495    
37          3         1           98.7300     0.165478    0.036259    0.982923    
37          4         1           98.8100     0.174302    0.032112    0.853223    
37          5         1           98.3700     0.157118    0.041873    1.008470    
37          6         1           98.6900     0.213860    0.023993    0.749494    
37          7         1           97.7300     0.166737    0.035872    0.933283    
37          8         1           98.8200     0.163378    0.036110    0.880570    
37          9         1           98.8600     0.155932    0.026753    0.828098    
38          0         1           98.8400     6.945722    0.001834    0.128886    
38          1         1           98.4400     0.160691    0.040205    0.988925    
38          2         1           98.9900     0.189532    0.030930    0.827234    
38          3         1           98.7800     0.245090    0.032854    0.872973    
38          4         1           98.7500     0.180246    0.028436    0.875987    
38          5         1           98.0600     0.134906    0.044680    1.069521    
38          6         1           98.9000     0.215262    0.026885    0.796199    
38          7         1           98.7700     0.145816    0.038658    0.985742    
38          8         1           98.5600     0.198193    0.038358    0.972902    
38          9         1           98.7600     0.174585    0.026061    0.803906    
39          0         1           98.9200     1.989598    0.005634    0.240638    
39          1         1           98.9700     0.206568    0.026311    0.720023    
39          2         1           97.9900     0.136954    0.032105    0.907366    
39          3         1           98.1600     0.148536    0.039509    1.006097    
39          4         1           98.9700     0.179001    0.027052    0.826574    
39          5         1           98.7200     0.144854    0.044298    0.988336    
39          6         1           98.8900     0.223360    0.023361    0.726298    
39          7         1           98.3600     0.163622    0.034037    0.930156    
39          8         1           98.8700     0.225933    0.025475    0.797120    
39          9         1           99.0200     0.148694    0.033134    0.954386    
40          0         1           98.8600     0.993134    0.005703    0.285511    
40          1         1           98.8100     0.191603    0.036232    0.848201    
40          2         1           98.5300     0.159377    0.032789    0.876853    
40          3         1           99.0000     0.162115    0.026160    0.820795    
40          4         1           98.7900     0.208120    0.023339    0.735019    
40          5         1           98.9300     0.149300    0.031136    0.896935    
40          6         1           98.3700     0.203202    0.024653    0.754254    
40          7         1           98.8700     0.190659    0.027196    0.799084    
40          8         1           98.8600     0.220382    0.027764    0.787919    
40          9         1           98.9100     0.216375    0.025036    0.813340    
41          0         1           98.9300     2.052119    0.007708    0.294043    
41          1         1           98.9600     0.230397    0.029648    0.828255    
41          2         1           98.9000     0.227913    0.028336    0.930299    
41          3         1           98.5800     0.248173    0.031156    0.904488    
41          4         1           98.8600     0.171701    0.032970    0.920975    
41          5         1           98.8000     0.162322    0.032451    0.915404    
41          6         1           98.9700     0.277656    0.024453    0.791995    
41          7         1           98.7000     0.173606    0.044656    0.993253    
41          8         1           98.9100     0.197209    0.031849    0.868087    
41          9         1           99.0100     0.180669    0.026595    0.855123    
42          0         1           98.8400     5.281941    0.003554    0.196991    
42          1         1           98.8300     0.257638    0.034935    0.897858    
42          2         1           98.9200     0.158893    0.027317    0.815165    
42          3         1           98.9400     0.208178    0.027248    0.879758    
42          4         1           98.8400     0.230849    0.025490    0.773721    
42          5         1           98.9500     0.195912    0.028578    0.787307    
42          6         1           98.1900     0.346623    0.033054    0.915610    
42          7         1           98.8800     0.143907    0.032020    0.944372    
42          8         1           98.8800     0.272861    0.025500    0.743515    
42          9         1           98.8800     0.182341    0.026510    0.873023    
43          0         1           98.8900     6.263307    0.003868    0.228869    
43          1         1           98.1600     0.335037    0.029581    0.821371    
43          2         1           98.9400     0.209463    0.027018    0.766191    
43          3         1           98.9100     0.186036    0.028506    0.888080    
43          4         1           98.9600     0.206140    0.025799    0.859223    
43          5         1           98.6400     0.123595    0.041685    1.141150    
43          6         1           98.8600     0.215398    0.026764    0.815897    
43          7         1           98.7500     0.207142    0.031754    0.883175    
43          8         1           98.8500     0.273497    0.024252    0.755058    
43          9         1           98.7700     0.230285    0.027805    0.843872    
44          0         1           98.8900     7.788044    0.002790    0.203371    
44          1         1           99.0300     0.220376    0.031274    0.859079    
44          2         1           98.8100     0.298828    0.028901    0.814013    
44          3         1           98.9400     0.148408    0.035089    1.079260    
44          4         1           98.7900     0.307071    0.025217    0.762225    
44          5         1           98.7900     0.138699    0.036585    0.966882    
44          6         1           98.9400     0.258449    0.022423    0.725515    
44          7         1           98.7900     0.157086    0.028992    0.892154    
44          8         1           98.8400     0.239567    0.027678    0.831271    
44          9         1           98.2800     0.229781    0.031957    0.904041    
45          0         1           98.9300     7.806977    0.002577    0.204677    
45          1         1           99.0000     0.492213    0.028798    0.826516    
45          2         1           98.8400     0.358054    0.025517    0.801185    
45          3         1           98.7400     0.142596    0.029544    0.936746    
45          4         1           97.6700     0.324787    0.026893    0.810223    
45          5         1           98.9300     0.119343    0.034568    0.939204    
45          6         1           98.6900     0.152659    0.035594    0.954805    
45          7         1           98.7400     0.129441    0.035845    1.046872    
45          8         1           98.7900     0.258966    0.029784    0.817782    
45          9         1           98.9600     0.278771    0.022565    0.680357    
46          0         1           98.9500     1.997561    0.010957    0.355618    
46          1         1           98.9500     0.196601    0.027745    0.803822    
46          2         1           98.8400     0.232663    0.027316    0.753644    
46          3         1           98.8100     0.212742    0.026892    0.863282    
46          4         1           99.0600     0.323682    0.023416    0.811500    
46          5         1           98.6300     0.184546    0.034848    0.873285    
46          6         1           98.9500     0.203759    0.030806    0.951954    
46          7         1           98.9800     0.165584    0.028646    0.912610    
46          8         1           98.7100     0.159470    0.039135    1.001563    
46          9         1           98.9700     0.273318    0.024590    0.812329    
47          0         1           98.9800     3.024133    0.006682    0.300503    
47          1         1           98.9000     0.274121    0.026865    0.803811    
47          2         1           98.8400     0.204888    0.023161    0.757775    
47          3         1           98.8800     0.169252    0.028663    0.948156    
47          4         1           98.9600     0.313238    0.021787    0.722067    
47          5         1           98.9200     0.175546    0.030410    0.874593    
47          6         1           98.9400     0.176556    0.025202    0.781874    
47          7         1           98.7800     0.126136    0.031053    0.954678    
47          8         1           98.9300     0.147736    0.032192    0.911177    
47          9         1           98.9300     0.200854    0.024326    0.797339    
48          0         1           98.8700     6.797818    0.003377    0.210634    
48          1         1           98.8200     0.273876    0.033135    0.892396    
48          2         1           98.8800     0.273504    0.025204    0.833333    
48          3         1           98.8600     0.208391    0.029710    0.931216    
48          4         1           98.7700     0.276206    0.025747    0.836587    
48          5         1           98.3100     0.235370    0.032947    0.967779    
48          6         1           98.9900     0.230968    0.023825    0.807720    
48          7         1           98.7900     0.126485    0.033567    1.016427    
48          8         1           98.9600     0.170822    0.027997    0.917529    
48          9         1           98.9700     0.175178    0.025844    0.844008    
49          0         1           98.9400     2.482143    0.010096    0.330277    
49          1         1           98.9000     0.373469    0.029912    0.829053    
49          2         1           98.9800     0.218641    0.022132    0.723253    
49          3         1           98.8900     0.153668    0.031659    0.891363    
49          4         1           98.9300     0.278773    0.022405    0.769031    
49          5         1           98.8200     0.175088    0.034956    1.058317    
49          6         1           98.8200     0.187887    0.025792    0.798135    
49          7         1           98.8200     0.168525    0.032047    0.892732    
49          8         1           98.9200     0.216344    0.023005    0.721214    
49          9         1           98.9100     0.236883    0.024515    0.799430    
50          0         1           98.8900     3.218576    0.008497    0.335610    
50          1         1           98.7500     0.232348    0.030228    0.863673    
50          2         1           98.6200     0.228875    0.036824    0.950616    
50          3         1           98.8600     0.231905    0.036380    0.925862    
50          4         1           98.7100     0.226913    0.027898    0.889970    
50          5         1           98.9800     0.179590    0.029883    0.878160    
50          6         1           99.0300     0.201758    0.026455    0.869495    
50          7         1           98.9500     0.212739    0.033743    0.979179    
50          8         1           98.8000     0.158097    0.028930    0.907146    
50          9         1           98.8800     0.179476    0.027657    0.920264    
51          0         1           98.9400     2.181116    0.005820    0.240311    
51          1         1           98.7500     0.240882    0.038124    0.866750    
51          2         1           99.0300     0.237750    0.024228    0.761709    
51          3         1           99.0100     0.232335    0.024594    0.793005    
51          4         1           99.0800     0.404811    0.021857    0.762939    
51          5         1           98.8900     0.132909    0.033460    0.993711    
51          6         1           99.0000     0.283545    0.022505    0.778452    
51          7         1           98.9800     0.173852    0.022641    0.748712    
51          8         1           98.8800     0.123884    0.030017    0.921021    
51          9         1           98.8600     0.197155    0.024723    0.793833    
52          0         1           98.9300     2.733921    0.008620    0.310564    
52          1         1           98.9200     0.420364    0.026594    0.807375    
52          2         1           98.8800     0.389604    0.024167    0.713911    
52          3         1           98.8400     0.205092    0.033946    1.026655    
52          4         1           98.8100     0.192175    0.022807    0.743724    
52          5         1           98.8900     0.162729    0.032475    0.912829    
52          6         1           98.9700     0.271789    0.021423    0.725718    
52          7         1           98.9200     0.209711    0.025648    0.808284    
52          8         1           98.7700     0.210422    0.027334    0.829416    
52          9         1           99.0100     0.272393    0.024577    0.768935    
53          0         1           98.8500     6.317486    0.010366    0.317717    
53          1         1           98.0400     0.189308    0.047434    1.116598    
53          2         1           98.9300     0.174005    0.029917    0.953906    
53          3         1           98.6500     0.155030    0.032886    1.000196    
53          4         1           98.8300     0.523897    0.023150    0.766164    
53          5         1           98.9200     0.232605    0.036663    1.042276    
53          6         1           98.9600     0.373067    0.020200    0.716116    
53          7         1           98.7800     0.185509    0.028205    0.900268    
53          8         1           98.9700     0.249925    0.025644    0.812305    
53          9         1           98.9600     0.218485    0.024322    0.816637    
54          0         1           98.9200     7.471305    0.007217    0.379983    
54          1         1           98.9900     0.200481    0.026065    0.750921    
54          2         1           98.6700     0.136110    0.030970    0.995367    
54          3         1           99.0000     0.532411    0.026964    0.888851    
54          4         1           99.0200     0.288421    0.021792    0.719879    
54          5         1           98.8900     0.208995    0.030937    0.903906    
54          6         1           99.0100     0.280640    0.025381    0.845605    
54          7         1           98.9700     0.233425    0.021834    0.778028    
54          8         1           98.9400     0.303839    0.025413    0.870616    
54          9         1           98.8200     0.247861    0.028052    0.868365    
55          0         1           98.9400     6.065531    0.005817    0.327955    
55          1         1           97.5300     0.336768    0.030383    0.888854    
55          2         1           98.9400     0.298633    0.021131    0.769004    
55          3         1           98.8300     0.177287    0.035159    1.011671    
55          4         1           99.0500     0.283131    0.020681    0.765404    
55          5         1           98.9800     0.322765    0.026958    0.837462    
55          6         1           98.9900     0.426709    0.024254    0.784249    
55          7         1           98.9600     0.193649    0.023285    0.796028    
55          8         1           98.8600     0.154776    0.046587    1.130471    
55          9         1           99.0000     0.319823    0.024544    0.817985    
56          0         1           98.9300     4.560294    0.008496    0.260196    
56          1         1           98.9500     0.418613    0.027230    0.836977    
56          2         1           98.9500     0.383301    0.023283    0.757226    
56          3         1           98.8700     0.215595    0.025259    0.855891    
56          4         1           98.9100     0.294106    0.021668    0.791171    
56          5         1           98.8300     0.134668    0.028904    0.896990    
56          6         1           98.9900     0.349928    0.020054    0.707387    
56          7         1           98.9700     0.163852    0.030171    0.929607    
56          8         1           98.9800     0.233761    0.030297    0.978111    
56          9         1           98.8000     0.165847    0.028561    0.934683    
57          0         1           98.9100     5.225567    0.006692    0.314780    
57          1         1           98.5800     0.166077    0.035604    1.052759    
57          2         1           98.9700     0.270587    0.027119    0.840074    
57          3         1           98.9200     0.203398    0.026344    0.890405    
57          4         1           98.9400     0.277162    0.022537    0.759864    
57          5         1           98.9100     0.141169    0.026198    0.876201    
57          6         1           98.9600     0.176371    0.025581    0.848015    
57          7         1           98.9200     0.218706    0.026791    0.862693    
57          8         1           98.7400     0.242790    0.028082    0.841413    
57          9         1           98.9100     0.259178    0.025444    0.828367    
58          0         1           98.9400     4.670954    0.009308    0.397912    
58          1         1           98.7900     0.154116    0.030917    1.026363    
58          2         1           98.6300     0.380141    0.025541    0.836081    
58          3         1           98.7800     0.142090    0.028517    0.959106    
58          4         1           98.9600     0.331853    0.024600    0.837940    
58          5         1           98.9200     0.163692    0.034106    0.965601    
58          6         1           98.7300     0.261897    0.030084    1.002359    
58          7         1           98.7900     0.170571    0.029095    0.920467    
58          8         1           98.9900     0.319142    0.024272    0.748192    
58          9         1           98.9600     0.209180    0.025406    0.862472    
59          0         1           98.9500     7.202317    0.009733    0.343995    
59          1         1           99.0100     0.196586    0.026679    0.842792    
59          2         1           99.0500     0.222163    0.023200    0.788098    
59          3         1           98.9600     0.142619    0.022567    0.864082    
59          4         1           99.0500     0.195839    0.021126    0.777336    
59          5         1           98.8400     0.200984    0.030448    0.834024    
59          6         1           98.8500     0.402847    0.023229    0.774342    
59          7         1           98.7000     0.221406    0.028909    0.970521    
59          8         1           98.7900     0.119682    0.035852    1.025325    
59          9         1           98.8200     0.252703    0.030671    0.986616    
60          0         1           98.9400     6.794049    0.013552    0.355502    
60          1         1           98.9500     0.363872    0.025388    0.813981    
60          2         1           98.8200     0.231769    0.029802    0.913803    
60          3         1           98.4500     0.236674    0.039549    1.056139    
60          4         1           98.9000     0.265909    0.020977    0.802710    
60          5         1           98.5600     0.138725    0.041398    1.077480    
60          6         1           99.0000     0.204404    0.019719    0.725174    
60          7         1           98.9000     0.307176    0.028138    0.858198    
60          8         1           98.8800     0.252922    0.030680    0.905870    
60          9         1           98.9900     0.189158    0.023216    0.829940    
61          0         1           98.8600     8.127122    0.002504    0.151195    
61          1         1           98.8900     0.311639    0.030546    0.908906    
61          2         1           99.0500     0.304623    0.021896    0.723715    
61          3         1           98.7800     0.180827    0.024628    0.861293    
61          4         1           98.9200     0.304668    0.022145    0.788942    
61          5         1           98.6000     0.291284    0.033202    0.963396    
61          6         1           99.0300     0.260648    0.022175    0.793635    
61          7         1           99.0400     0.196286    0.020120    0.718436    
61          8         1           99.0000     0.306432    0.025565    0.831215    
61          9         1           98.8600     0.367980    0.029263    0.984087    
62          0         1           98.9900     5.020717    0.011108    0.347240    
62          1         1           98.9300     0.389660    0.029968    0.899481    
62          2         1           98.7900     0.217708    0.026851    0.874599    
62          3         1           98.9200     0.176614    0.026190    0.898306    
62          4         1           98.9900     0.350079    0.021071    0.734023    
62          5         1           98.7200     0.224257    0.033302    0.953251    
62          6         1           98.9800     0.659835    0.021211    0.761395    
62          7         1           98.6200     0.279623    0.032948    1.058829    
62          8         1           98.9600     0.172394    0.020712    0.758945    
62          9         1           98.7300     0.203524    0.034272    1.088116    
63          0         1           98.9800     4.360914    0.004776    0.280866    
63          1         1           98.5700     0.358844    0.033146    0.961614    
63          2         1           99.0100     0.295064    0.021369    0.706759    
63          3         1           98.9700     0.156469    0.023037    0.835171    
63          4         1           98.9600     0.279426    0.025624    0.882647    
63          5         1           99.0000     0.128561    0.033097    0.941751    
63          6         1           98.8800     0.316008    0.020911    0.692445    
63          7         1           98.8200     0.260312    0.023438    0.797516    
63          8         1           98.9700     0.316043    0.023729    0.776876    
63          9         1           98.8700     0.527707    0.026511    0.926981    
64          0         1           98.9600     6.475418    0.006545    0.289930    
64          1         1           98.8600     0.446875    0.029649    0.837992    
64          2         1           98.9900     0.493054    0.022885    0.793300    
64          3         1           98.8900     0.328806    0.025771    0.890176    
64          4         1           99.0000     0.282059    0.022269    0.782891    
64          5         1           98.8300     0.129334    0.037337    1.035442    
64          6         1           97.8400     0.345402    0.034712    1.061973    
64          7         1           99.0200     0.324170    0.022806    0.771914    
64          8         1           98.9600     0.170833    0.022716    0.807447    
64          9         1           98.3900     0.108920    0.035236    1.167478    
65          0         1           98.9500     6.765598    0.005068    0.277170    
65          1         1           98.9800     0.326891    0.032551    0.924029    
65          2         1           98.9600     0.324023    0.025736    0.833545    
65          3         1           99.0000     0.209053    0.025497    0.961872    
65          4         1           99.0500     0.341481    0.021744    0.735540    
65          5         1           98.7900     0.103421    0.034096    1.043711    
65          6         1           99.0200     0.299658    0.019739    0.732641    
65          7         1           99.0800     0.210077    0.024876    0.779760    
65          8         1           98.8200     0.221137    0.026154    0.959992    
65          9         1           99.0300     0.217349    0.024004    0.829557    
66          0         1           98.9800     1.489793    0.009105    0.365780    
66          1         1           98.7300     0.386773    0.032097    0.897175    
66          2         1           99.0000     0.212304    0.026128    0.842525    
66          3         1           99.0800     0.321093    0.024597    0.870765    
66          4         1           98.9400     0.306703    0.022980    0.760157    
66          5         1           98.7700     0.129929    0.026325    0.891943    
66          6         1           98.9800     0.327070    0.021426    0.819872    
66          7         1           99.0100     0.186876    0.023776    0.801454    
66          8         1           98.8500     0.333665    0.025950    0.869596    
66          9         1           98.9700     0.197006    0.024170    0.838099    
67          0         1           98.9300     6.941526    0.006699    0.314492    
67          1         1           99.0100     0.250683    0.030560    0.904907    
67          2         1           99.0300     0.238680    0.022994    0.781561    
67          3         1           98.8000     0.113133    0.032223    1.073942    
67          4         1           99.0500     0.251227    0.022414    0.800267    
67          5         1           98.9600     0.181348    0.022898    0.836806    
67          6         1           99.0400     0.298971    0.018889    0.740964    
67          7         1           99.0100     0.314798    0.022517    0.793462    
67          8         1           98.9300     0.177930    0.027721    0.866269    
67          9         1           98.9900     0.256287    0.025833    0.886000    
68          0         1           98.9900     8.228125    0.006937    0.369063    
68          1         1           98.7800     0.213917    0.031209    0.954697    
68          2         1           98.8000     0.281060    0.032883    1.066163    
68          3         1           99.0300     0.201705    0.025425    0.881522    
68          4         1           98.9600     0.273857    0.023928    0.778746    
68          5         1           98.5900     0.120464    0.043766    1.175817    
68          6         1           99.0300     0.381933    0.021494    0.796737    
68          7         1           98.5800     0.346325    0.024196    0.800593    
68          8         1           98.9900     0.156864    0.029004    0.937545    
68          9         1           98.9400     0.372764    0.022613    0.805516    
69          0         1           98.9700     8.272852    0.007456    0.300731    
69          1         1           98.6600     0.100635    0.033451    1.036296    
69          2         1           98.8900     0.231368    0.026539    0.977827    
69          3         1           98.9500     0.213326    0.023454    0.865856    
69          4         1           98.8700     0.240733    0.024092    0.819074    
69          5         1           98.7600     0.140441    0.032669    0.967881    
69          6         1           99.0300     0.372782    0.020215    0.707811    
69          7         1           98.9000     0.232297    0.028104    0.911350    
69          8         1           98.9700     0.228331    0.025404    0.852674    
69          9         1           98.9700     0.341221    0.024032    0.860571    
70          0         1           99.0200     7.712834    0.009420    0.279490    
70          1         1           99.0500     0.134679    0.030576    0.988005    
70          2         1           98.9000     0.151678    0.027328    0.944196    
70          3         1           99.0600     0.504113    0.023901    0.824928    
70          4         1           99.0500     0.499560    0.022777    0.734909    
70          5         1           98.8300     0.161413    0.029402    0.971321    
70          6         1           99.0400     0.380745    0.020891    0.779676    
70          7         1           98.9200     0.233313    0.021094    0.732895    
70          8         1           98.9900     0.162280    0.025103    0.926542    
70          9         1           98.9400     0.179659    0.023239    0.886008    
71          0         1           98.9700     7.322031    0.007371    0.342026    
71          1         1           98.8900     0.155517    0.032364    1.018866    
71          2         1           98.9800     0.254843    0.021113    0.776667    
71          3         1           98.9900     0.185951    0.025237    0.876916    
71          4         1           99.0500     0.305533    0.025534    0.860797    
71          5         1           98.9600     0.173833    0.023363    0.822216    
71          6         1           99.0400     0.317182    0.019391    0.717362    
71          7         1           98.9600     0.238331    0.031460    1.012777    
71          8         1           98.8300     0.322890    0.031351    1.033732    
71          9         1           98.9400     0.224344    0.022575    0.812553    
72          0         1           98.9600     7.692194    0.004212    0.268071    
72          1         1           98.6200     0.370840    0.036059    1.095681    
72          2         1           99.0600     0.143168    0.028670    0.917090    
72          3         1           99.0200     0.377545    0.024865    0.862615    
72          4         1           99.0200     0.386511    0.023186    0.835664    
72          5         1           98.8700     0.174887    0.036896    1.111256    
72          6         1           99.0200     0.464593    0.021025    0.750636    
72          7         1           98.5800     0.172948    0.027386    0.975912    
72          8         1           99.0200     0.165995    0.021396    0.829491    
72          9         1           98.9700     0.257391    0.021358    0.788095    
73          0         1           98.9800     5.649585    0.007422    0.352844    
73          1         1           99.0500     0.465845    0.028669    0.895386    
73          2         1           98.9800     0.295096    0.022071    0.805801    
73          3         1           99.0600     0.470450    0.027002    0.896107    
73          4         1           99.0500     0.289898    0.020380    0.775127    
73          5         1           98.9700     0.234679    0.023831    0.836765    
73          6         1           98.8300     0.474960    0.026059    0.823477    
73          7         1           98.9500     0.259562    0.020357    0.752013    
73          8         1           99.0100     0.200470    0.022091    0.769550    
73          9         1           98.9500     0.259312    0.022449    0.826593    
74          0         1           99.0000     6.873258    0.008182    0.342926    
74          1         1           98.9000     0.184448    0.028975    1.020084    
74          2         1           99.0400     0.328276    0.024153    0.858113    
74          3         1           98.9900     0.201677    0.034215    1.125858    
74          4         1           98.9400     0.120211    0.031144    1.006883    
74          5         1           98.7700     0.196345    0.024386    0.836783    
74          6         1           99.0200     0.314175    0.020239    0.800423    
74          7         1           98.9700     0.138554    0.028581    0.933482    
74          8         1           98.9500     0.213389    0.022652    0.790356    
74          9         1           99.0000     0.450048    0.027184    1.006736    
75          0         1           99.0100     7.798451    0.006781    0.313692    
75          1         1           98.9900     0.293490    0.030231    0.916782    
75          2         1           98.8700     0.157388    0.037448    1.086102    
75          3         1           98.8900     0.130079    0.039727    1.222060    
75          4         1           99.0500     0.404030    0.022172    0.826041    
75          5         1           98.8900     0.235732    0.028423    0.873685    
75          6         1           99.0600     0.684039    0.022977    0.842094    
75          7         1           99.0500     0.248966    0.022418    0.738645    
75          8         1           98.9200     0.233157    0.022881    0.789810    
75          9         1           98.9900     0.180327    0.025849    0.960935    
76          0         1           98.9700     7.633759    0.009008    0.363711    
76          1         1           99.0800     0.262347    0.030028    0.973209    
76          2         1           99.1000     0.298896    0.022329    0.775963    
76          3         1           99.0600     0.176482    0.021047    0.854959    
76          4         1           99.0600     0.282121    0.022535    0.811497    
76          5         1           98.9800     0.213066    0.028330    0.892554    
76          6         1           98.9800     0.254531    0.022134    0.788179    
76          7         1           99.0500     0.582251    0.021418    0.748298    
76          8         1           98.9600     0.133365    0.027108    0.865868    
76          9         1           99.0100     0.460805    0.024409    0.851334    
77          0         1           98.9900     5.262261    0.008641    0.348459    
77          1         1           99.0400     0.491543    0.028648    0.871597    
77          2         1           98.9500     0.150992    0.036635    1.079756    
77          3         1           99.0100     0.506713    0.025278    0.869973    
77          4         1           99.0300     0.437286    0.023025    0.831640    
77          5         1           99.0500     0.209623    0.020004    0.770713    
77          6         1           98.9500     0.329632    0.022571    0.794290    
77          7         1           98.9700     0.140114    0.029387    1.029071    
77          8         1           99.0300     0.285781    0.020951    0.743507    
77          9         1           99.0800     0.221863    0.022885    0.851169    
78          0         1           99.0500     2.134627    0.011745    0.383794    
78          1         1           98.9200     0.110567    0.049258    1.209744    
78          2         1           98.8200     0.475570    0.021595    0.849684    
78          3         1           98.7700     0.222887    0.028224    0.960608    
78          4         1           99.0700     0.508122    0.021996    0.773287    
78          5         1           99.0300     0.366073    0.022172    0.774801    
78          6         1           98.9400     0.337145    0.025462    0.860219    
78          7         1           99.0300     0.221441    0.020097    0.737160    
78          8         1           98.9400     0.270282    0.025674    0.896659    
78          9         1           98.9800     0.164245    0.022576    0.888307    
79          0         1           99.0200     3.638887    0.010590    0.353696    
79          1         1           98.5800     0.290226    0.027147    0.869827    
79          2         1           99.0400     0.281810    0.022320    0.812076    
79          3         1           98.9500     0.315040    0.023431    0.871345    
79          4         1           98.8800     0.187609    0.028245    0.898294    
79          5         1           98.9100     0.392124    0.024434    0.899507    
79          6         1           98.9300     0.401737    0.023766    0.825916    
79          7         1           98.4000     0.195837    0.024422    0.877410    
79          8         1           98.9200     0.163845    0.035833    1.098522    
79          9         1           98.5300     0.190393    0.022927    0.850553    
80          0         1           98.9300     7.318900    0.005422    0.341312    
80          1         1           98.2100     0.169264    0.035145    1.080118    
80          2         1           99.0300     0.479293    0.020808    0.748376    
80          3         1           98.7800     0.359653    0.021619    0.833252    
80          4         1           99.0200     0.249703    0.021280    0.810148    
80          5         1           99.0000     0.335383    0.024643    0.887003    
80          6         1           99.0900     0.303032    0.021425    0.733396    
80          7         1           98.9800     0.252825    0.022069    0.767733    
80          8         1           97.1400     0.313440    0.023728    0.873891    
80          9         1           98.8900     0.164514    0.024865    0.806767    
81          0         1           98.9800     8.041796    0.007668    0.258368    
81          1         1           99.0700     0.322934    0.026977    0.916347    
81          2         1           99.0900     0.351550    0.019714    0.764404    
81          3         1           98.0400     0.156157    0.026722    0.979705    
81          4         1           99.0400     0.518079    0.021338    0.775689    
81          5         1           99.0400     0.170183    0.027642    0.927560    
81          6         1           99.0200     0.244687    0.021112    0.802512    
81          7         1           99.0300     0.230305    0.029026    0.896450    
81          8         1           99.0500     0.235458    0.018273    0.755838    
81          9         1           99.0600     0.148409    0.021869    0.883466    
82          0         1           98.9200     7.723509    0.009938    0.368904    
82          1         1           98.8000     0.259989    0.038332    1.230513    
82          2         1           99.0400     0.199626    0.025396    0.902710    
82          3         1           98.8000     0.174125    0.036393    1.091108    
82          4         1           98.9500     0.259198    0.021009    0.748758    
82          5         1           99.0900     0.215731    0.021865    0.855965    
82          6         1           99.0400     0.510937    0.025476    0.824229    
82          7         1           99.0500     0.355325    0.022555    0.792951    
82          8         1           98.9100     0.265009    0.024025    0.837329    
82          9         1           98.9700     0.227304    0.023268    0.864756    
83          0         1           99.0100     8.027549    0.009007    0.341884    
83          1         1           99.0100     0.323742    0.027845    0.921954    
83          2         1           98.8300     0.169186    0.030113    0.999159    
83          3         1           99.0300     0.359752    0.020479    0.807558    
83          4         1           98.9800     0.259319    0.024045    0.917657    
83          5         1           98.4900     0.152916    0.029643    0.885491    
83          6         1           99.0700     0.376155    0.020037    0.778142    
83          7         1           99.0500     0.132606    0.030299    1.007961    
83          8         1           99.0400     0.198299    0.019503    0.729261    
83          9         1           99.0200     0.321945    0.020168    0.822214    
84          0         1           98.9400     6.101726    0.010992    0.381174    
84          1         1           98.3800     0.164147    0.030697    1.056398    
84          2         1           99.0600     0.423012    0.019277    0.720399    
84          3         1           98.9600     0.267642    0.022302    0.888929    
84          4         1           99.0200     0.270631    0.019358    0.711477    
84          5         1           98.8500     0.171262    0.032354    0.988128    
84          6         1           98.8200     0.474056    0.021847    0.827734    
84          7         1           99.0700     0.206559    0.022335    0.861531    
84          8         1           98.9900     0.131876    0.027070    0.981693    
84          9         1           98.8200     0.263364    0.020522    0.792917    
85          0         1           98.9900     6.372007    0.008594    0.350990    
85          1         1           99.0600     0.492432    0.024613    0.861241    
85          2         1           99.0400     0.419000    0.020361    0.779245    
85          3         1           99.0800     0.182596    0.022523    0.827227    
85          4         1           99.0800     0.517326    0.021408    0.806458    
85          5         1           99.0100     0.130794    0.024331    0.881329    
85          6         1           99.0400     0.465920    0.024855    0.836945    
85          7         1           99.0900     0.403743    0.020608    0.807219    
85          8         1           99.0100     0.253328    0.018817    0.765140    
85          9         1           99.0500     0.410648    0.021460    0.828902    
86          0         1           98.9500     7.490293    0.011539    0.368115    
86          1         1           98.8200     0.369456    0.025116    0.943759    
86          2         1           98.9900     0.251049    0.024075    0.879828    
86          3         1           99.0200     0.210477    0.023621    0.927909    
86          4         1           99.1200     0.267067    0.023372    0.858172    
86          5         1           99.0100     0.212041    0.025097    0.816875    
86          6         1           99.0100     0.524279    0.022234    0.795883    
86          7         1           99.0600     0.551570    0.024285    0.839488    
86          8         1           98.9100     0.117425    0.026004    0.949598    
86          9         1           99.1000     0.193004    0.022387    0.910430    
87          0         1           98.9400     4.856277    0.011623    0.412093    
87          1         1           98.9800     0.305749    0.030433    1.010236    
87          2         1           99.0300     0.320577    0.022151    0.843211    
87          3         1           98.9800     0.153387    0.035449    1.133884    
87          4         1           98.9300     0.614546    0.023104    0.852226    
87          5         1           98.8400     0.184882    0.025642    0.944911    
87          6         1           98.9500     0.399115    0.020603    0.786523    
87          7         1           98.9400     0.144268    0.029229    1.110345    
87          8         1           99.1000     0.253930    0.023558    0.855023    
87          9         1           99.0000     0.195333    0.020033    0.861960    
88          0         1           99.0400     4.235483    0.011821    0.390778    
88          1         1           99.0000     0.239041    0.026601    0.910900    
88          2         1           98.9700     0.234978    0.024486    0.964262    
88          3         1           99.0100     0.410445    0.023065    0.814946    
88          4         1           98.9000     0.103203    0.038444    1.224239    
88          5         1           99.0200     0.206802    0.024660    0.861397    
88          6         1           98.9500     0.226631    0.026213    0.922696    
88          7         1           99.0100     0.273735    0.020781    0.795446    
88          8         1           99.1100     0.406497    0.024139    0.852676    
88          9         1           98.9900     0.136936    0.030392    1.072107    
89          0         1           98.9200     7.521462    0.002643    0.229388    
89          1         1           98.9600     0.168103    0.028577    0.996381    
89          2         1           98.8100     0.140007    0.028876    0.969637    
89          3         1           99.0400     0.832436    0.024310    0.904009    
89          4         1           99.0800     0.554724    0.020445    0.764184    
89          5         1           98.6500     0.128843    0.036276    1.126319    
89          6         1           98.8500     0.154754    0.028446    0.940926    
89          7         1           99.0300     0.217120    0.021787    0.843513    
89          8         1           98.9200     0.237320    0.023729    0.848670    
89          9         1           99.0100     0.124011    0.023877    1.017560    
90          0         1           99.0400     5.118038    0.003655    0.226175    
90          1         1           99.0400     0.446738    0.026801    0.885410    
90          2         1           99.0300     0.390653    0.019909    0.807457    
90          3         1           99.0700     0.259810    0.021751    0.788100    
90          4         1           98.9300     0.393710    0.023098    0.843170    
90          5         1           99.0500     0.158568    0.023356    0.810527    
90          6         1           98.7700     0.167327    0.029575    0.895356    
90          7         1           99.0500     0.386346    0.020760    0.774971    
90          8         1           98.9900     0.271996    0.019787    0.732016    
90          9         1           98.8900     0.145033    0.025707    1.032122    
91          0         1           98.9400     7.555068    0.002049    0.177780    
91          1         1           98.9200     0.285685    0.028915    0.919730    
91          2         1           99.0100     0.482260    0.020088    0.805114    
91          3         1           99.0800     0.274656    0.022400    0.848235    
91          4         1           99.0600     0.410999    0.020132    0.818672    
91          5         1           99.0300     0.213623    0.023633    0.899579    
91          6         1           99.0400     0.339614    0.020177    0.718527    
91          7         1           98.8300     0.231681    0.024263    0.899756    
91          8         1           98.9600     0.285656    0.021450    0.785268    
91          9         1           98.9900     0.508106    0.019772    0.778703    
92          0         1           99.0300     6.929066    0.002637    0.228130    
92          1         1           98.9700     0.283839    0.032223    0.976665    
92          2         1           98.9300     0.248820    0.027333    0.910085    
92          3         1           98.8200     0.227023    0.031773    0.973192    
92          4         1           98.8000     0.362733    0.021096    0.805128    
92          5         1           99.0500     0.336090    0.023408    0.771155    
92          6         1           99.0400     0.404905    0.020827    0.768510    
92          7         1           99.0400     0.282058    0.021773    0.764229    
92          8         1           99.0700     0.241139    0.025783    0.885462    
92          9         1           99.0000     0.241050    0.022069    0.896418    
93          0         1           99.0200     6.852397    0.005917    0.351404    
93          1         1           98.9400     0.197603    0.041585    1.130900    
93          2         1           97.8500     0.461566    0.020673    0.823619    
93          3         1           99.0200     0.150534    0.025582    0.939457    
93          4         1           99.0300     0.466123    0.022109    0.835772    
93          5         1           99.0900     0.207773    0.024228    0.827345    
93          6         1           98.9600     0.371899    0.023785    0.857975    
93          7         1           99.0300     0.259365    0.022397    0.822616    
93          8         1           98.9300     0.433178    0.027253    0.926140    
93          9         1           98.6000     0.317150    0.027303    1.033119    
94          0         1           99.0000     7.061009    0.007693    0.373254    
94          1         1           99.0400     0.355438    0.028943    0.936499    
94          2         1           98.7300     0.168442    0.033982    1.103401    
94          3         1           98.9900     0.160936    0.031395    1.139649    
94          4         1           99.0200     0.257497    0.024586    0.921780    
94          5         1           99.0800     0.181658    0.024710    0.809502    
94          6         1           98.9700     0.327005    0.024341    0.878368    
94          7         1           98.9600     0.235213    0.023542    0.895873    
94          8         1           99.0300     0.161452    0.024879    0.956578    
94          9         1           98.8600     0.214730    0.023263    0.914162    
95          0         1           99.0300     6.469188    0.007940    0.360493    
95          1         1           99.1500     0.294987    0.029232    0.919360    
95          2         1           99.0400     0.141784    0.018483    0.789678    
95          3         1           98.9600     0.214081    0.026496    0.909730    
95          4         1           99.0700     0.316610    0.020748    0.808458    
95          5         1           99.0100     0.151570    0.032218    1.037087    
95          6         1           99.0600     0.681824    0.019648    0.798834    
95          7         1           98.7600     0.298553    0.025585    0.930188    
95          8         1           98.8700     0.229666    0.026180    0.956621    
95          9         1           99.0100     0.201225    0.020430    0.883819    
96          0         1           98.9900     7.745196    0.006739    0.361977    
96          1         1           98.6100     0.270020    0.029758    1.034016    
96          2         1           99.0300     0.355832    0.018107    0.756371    
96          3         1           99.0700     0.511312    0.022731    0.859046    
96          4         1           98.9600     0.374395    0.021012    0.843605    
96          5         1           98.8800     0.125643    0.032499    1.087689    
96          6         1           99.0500     0.179001    0.022988    0.843951    
96          7         1           98.7500     0.175132    0.021408    0.828738    
96          8         1           98.9600     0.287981    0.021010    0.812441    
96          9         1           99.0100     0.403271    0.021267    0.785870    
97          0         1           98.9500     8.157360    0.006728    0.345360    
97          1         1           98.9700     0.472634    0.027890    0.831798    
97          2         1           99.0300     0.293468    0.020993    0.807991    
97          3         1           99.0300     0.349576    0.024460    0.905634    
97          4         1           99.0800     0.471116    0.020052    0.816226    
97          5         1           98.8900     0.169100    0.024880    0.920202    
97          6         1           98.9800     0.205662    0.020917    0.787834    
97          7         1           98.9400     0.129621    0.027506    1.025638    
97          8         1           98.9600     0.398733    0.021294    0.842931    
97          9         1           99.0300     0.235182    0.026718    0.967965    
98          0         1           99.0000     5.978901    0.006232    0.354943    
98          1         1           98.5600     0.100342    0.057147    1.448594    
98          2         1           99.1100     0.490685    0.021890    0.798411    
98          3         1           98.9500     0.182125    0.023438    0.879652    
98          4         1           99.0900     0.388967    0.019394    0.771349    
98          5         1           99.0800     0.280493    0.023259    0.849192    
98          6         1           98.8800     0.117645    0.023385    0.964612    
98          7         1           99.0300     0.476606    0.022516    0.868656    
98          8         1           98.9800     0.139314    0.027370    0.955043    
98          9         1           98.9800     0.327924    0.024860    0.932173    
99          0         1           98.9600     5.271957    0.008786    0.402028    
99          1         1           99.0300     0.267468    0.023824    0.894763    
99          2         1           99.0500     0.329526    0.024516    0.883580    
99          3         1           99.0400     0.474059    0.023171    0.836942    
99          4         1           99.0000     0.482789    0.025187    0.901481    
99          5         1           98.6800     0.108381    0.022540    0.865990    
99          6         1           99.1000     0.344532    0.018676    0.733890    
99          7         1           99.0500     0.203321    0.020229    0.768145    
99          8         1           98.8000     0.260005    0.023933    0.885360    
99          9         1           98.8800     0.131042    0.033091    1.143083    
100         0         1           99.0000     8.011159    0.007399    0.372232    
100         1         1           98.5800     0.140215    0.030392    0.997011    
100         2         1           98.9800     0.310353    0.021225    0.841299    
100         3         1           99.0200     0.665189    0.022645    0.816135    
100         4         1           99.0300     0.157362    0.024109    0.893141    
100         5         1           99.0400     0.168421    0.022359    0.877455    
100         6         1           98.8900     0.259894    0.019806    0.809752    
100         7         1           99.0500     0.200491    0.020949    0.741818    
100         8         1           99.0000     0.278586    0.020946    0.812107    
100         9         1           99.0200     0.169803    0.020150    0.818028    
