GlobalRnd   ClientID  LocEpoch    Accuracy    LR          Loss        GradNorm    
1           0         1           79.9800     0.076019    0.404559    2.769457    
1           1         1           59.1500     0.060623    0.413143    2.811723    
1           2         1           60.5700     0.110693    0.340918    2.134734    
2           0         1           83.4000     0.091700    0.151377    2.000641    
2           1         1           67.3800     0.089376    0.144118    2.039101    
2           2         1           65.3200     0.116400    0.127267    1.719718    
3           0         1           85.6500     0.121453    0.097006    1.524826    
3           1         1           67.8400     0.108476    0.094257    1.577334    
3           2         1           69.1500     0.131393    0.086600    1.419824    
4           0         1           87.4100     0.158810    0.086120    1.325333    
4           1         1           70.2400     0.133713    0.068827    1.256033    
4           2         1           80.2300     0.135290    0.068831    1.248489    
5           0         1           85.4700     0.154547    0.069116    1.212035    
5           1         1           81.6100     0.146254    0.062390    1.183662    
5           2         1           77.9800     0.162416    0.054346    1.077717    
6           0         1           89.6100     0.175048    0.055605    1.047364    
6           1         1           83.6000     0.147677    0.050821    1.081359    
6           2         1           83.5800     0.153871    0.047943    1.003460    
7           0         1           92.9300     0.184328    0.058941    1.092094    
7           1         1           83.2300     0.170731    0.048391    0.996853    
7           2         1           90.4500     0.173594    0.040064    0.939687    
8           0         1           91.6900     0.148292    0.048175    1.030551    
8           1         1           87.9400     0.188305    0.040405    0.931808    
8           2         1           87.9800     0.168772    0.041515    0.946696    
9           0         1           92.4000     0.177375    0.047587    0.946651    
9           1         1           91.5000     0.195385    0.034689    0.842531    
9           2         1           89.1300     0.176976    0.045866    0.942936    
10          0         1           91.6900     0.179369    0.044220    0.948555    
10          1         1           90.9000     0.160224    0.033869    0.878392    
10          2         1           93.0700     0.191144    0.033197    0.860587    
11          0         1           94.6300     0.177512    0.037005    0.880004    
11          1         1           90.9300     0.186504    0.030052    0.810375    
11          2         1           95.1300     0.191924    0.029959    0.807724    
12          0         1           95.0600     0.173887    0.032550    0.860145    
12          1         1           86.0500     0.211895    0.032492    0.825521    
12          2         1           94.8900     0.235555    0.027486    0.776585    
13          0         1           91.0700     0.194864    0.032609    0.896578    
13          1         1           92.9800     0.267320    0.022878    0.707508    
13          2         1           87.2500     0.183817    0.038016    0.964849    
14          0         1           97.1600     0.223100    0.030258    0.837007    
14          1         1           90.6500     0.261830    0.029305    0.846185    
14          2         1           94.4400     0.233735    0.026816    0.816206    
15          0         1           96.5700     0.174447    0.032027    0.906459    
15          1         1           90.6100     0.220775    0.026917    0.805293    
15          2         1           96.1800     0.268358    0.024047    0.781090    
16          0         1           96.9500     0.222153    0.027647    0.804499    
16          1         1           93.2000     0.230073    0.022282    0.772063    
16          2         1           97.1300     0.218229    0.029739    0.876761    
17          0         1           96.7500     0.241097    0.028039    0.846497    
17          1         1           94.0300     0.340929    0.022585    0.729465    
17          2         1           96.2600     0.272567    0.027859    0.847542    
18          0         1           97.4500     0.234443    0.030860    0.992886    
18          1         1           93.2100     0.368230    0.022675    0.757144    
18          2         1           94.7300     0.215987    0.030630    0.987652    
19          0         1           97.3200     0.195530    0.026651    0.828779    
19          1         1           93.7100     0.274193    0.024034    0.769057    
19          2         1           92.3200     0.196775    0.025598    0.827302    
20          0         1           94.7600     0.224653    0.030573    0.935725    
20          1         1           94.6000     0.414489    0.025132    0.834741    
20          2         1           96.6900     0.180770    0.031154    0.971718    
21          0         1           97.7300     0.202630    0.025335    0.814377    
21          1         1           95.1000     0.339768    0.019896    0.737671    
21          2         1           94.6200     0.250454    0.022719    0.760900    
22          0         1           97.2600     0.212804    0.026006    0.843419    
22          1         1           94.7500     0.376857    0.022625    0.772700    
22          2         1           94.3500     0.219910    0.030169    0.885004    
23          0         1           97.9200     0.227494    0.022150    0.804106    
23          1         1           95.3500     0.273529    0.023512    0.784052    
23          2         1           97.4300     0.415165    0.026700    0.822314    
24          0         1           97.3200     0.274411    0.026871    0.864875    
24          1         1           92.7000     0.353797    0.025812    0.816038    
24          2         1           97.4900     0.160435    0.026994    0.876763    
25          0         1           97.8600     0.257026    0.020511    0.753722    
25          1         1           94.7500     0.455771    0.021897    0.778994    
25          2         1           97.6900     0.329034    0.022231    0.788726    
26          0         1           95.1300     0.296494    0.023618    0.817646    
26          1         1           95.2100     0.404911    0.022777    0.835764    
26          2         1           97.5600     0.300445    0.024677    0.818971    
27          0         1           97.7600     0.208656    0.023201    0.822442    
27          1         1           95.1600     0.274544    0.019167    0.678743    
27          2         1           97.4400     0.218712    0.023256    0.828852    
28          0         1           96.9500     0.186549    0.021666    0.808308    
28          1         1           94.7900     0.278173    0.021857    0.743553    
28          2         1           96.7500     0.236538    0.025414    0.861084    
29          0         1           97.8400     0.255961    0.023102    0.773548    
29          1         1           95.1800     0.449656    0.017858    0.667935    
29          2         1           98.2100     0.427497    0.025590    0.854460    
30          0         1           97.9300     0.247259    0.027181    0.888377    
30          1         1           94.9800     0.320939    0.020442    0.744489    
30          2         1           95.5100     0.263254    0.024340    0.813198    
31          0         1           96.8900     0.336450    0.023623    0.801567    
31          1         1           95.9500     0.343698    0.016157    0.647312    
31          2         1           95.9000     0.234220    0.021389    0.798513    
32          0         1           97.7900     0.211450    0.021934    0.798767    
32          1         1           94.9100     0.403688    0.018798    0.688307    
32          2         1           97.7500     0.491896    0.018700    0.767305    
33          0         1           97.7100     0.205843    0.025334    0.912017    
33          1         1           95.8400     0.162235    0.019555    0.805330    
33          2         1           97.9000     0.313390    0.025251    0.936337    
34          0         1           98.0800     0.357652    0.019415    0.750071    
34          1         1           95.9300     0.251410    0.030187    0.957357    
34          2         1           97.2400     0.331343    0.020184    0.746297    
35          0         1           97.2500     0.338392    0.018323    0.725035    
35          1         1           96.9900     0.442978    0.017919    0.735061    
35          2         1           97.6200     0.312607    0.019942    0.796980    
36          0         1           97.8800     0.208324    0.022851    0.857595    
36          1         1           95.6900     0.596575    0.020715    0.799439    
36          2         1           98.2000     0.359553    0.018994    0.796501    
37          0         1           97.2200     0.251509    0.026795    0.922197    
37          1         1           96.4100     0.221563    0.016624    0.670894    
37          2         1           97.3700     0.305232    0.019813    0.705785    
38          0         1           97.3000     0.311753    0.022118    0.788194    
38          1         1           95.9400     0.454780    0.019118    0.763301    
38          2         1           98.0500     0.303363    0.019251    0.744560    
39          0         1           97.8700     0.189536    0.024202    0.906287    
39          1         1           94.1600     0.204654    0.015654    0.669880    
39          2         1           97.5100     0.128296    0.023031    0.888389    
40          0         1           98.1000     0.295555    0.018638    0.802142    
40          1         1           95.5600     0.149657    0.018279    0.810332    
40          2         1           94.7300     0.576498    0.021585    0.762598    
41          0         1           98.5700     0.319031    0.019919    0.776200    
41          1         1           96.3900     0.307250    0.015493    0.686744    
41          2         1           98.5200     0.219873    0.020633    0.835532    
42          0         1           98.5400     0.296530    0.023139    0.888505    
42          1         1           96.0000     0.307852    0.017773    0.715878    
42          2         1           96.8100     0.255057    0.021541    0.834384    
43          0         1           97.5900     0.428347    0.021904    0.833763    
43          1         1           96.0000     0.412897    0.018995    0.833715    
43          2         1           98.1200     0.269100    0.020281    0.825234    
44          0         1           97.9300     0.411976    0.016341    0.693062    
44          1         1           96.2300     0.258828    0.022544    0.823284    
44          2         1           98.2900     0.187051    0.019632    0.729801    
45          0         1           97.7600     0.348059    0.017164    0.729870    
45          1         1           97.1400     0.418030    0.016523    0.650237    
45          2         1           97.6000     0.393652    0.016927    0.709651    
46          0         1           98.1700     0.277687    0.017244    0.707972    
46          1         1           97.1100     0.263587    0.016320    0.723737    
46          2         1           97.0300     0.366277    0.018052    0.787756    
47          0         1           98.2700     0.234775    0.022106    0.831094    
47          1         1           95.4900     0.345240    0.017129    0.706733    
47          2         1           95.8200     0.215376    0.016666    0.717791    
48          0         1           97.4000     0.204581    0.021226    0.802893    
48          1         1           96.5300     0.585013    0.011631    0.581788    
48          2         1           98.1000     0.231679    0.019597    0.802585    
49          0         1           98.2400     0.270121    0.015087    0.706549    
49          1         1           92.8300     0.716700    0.014870    0.656650    
49          2         1           97.3300     0.255891    0.014722    0.664564    
50          0         1           98.1700     0.279924    0.016411    0.708293    
50          1         1           96.2600     0.219533    0.013798    0.629541    
50          2         1           98.2000     0.160500    0.017502    0.778086    
51          0         1           98.1000     0.430481    0.016830    0.695319    
51          1         1           97.1200     0.248703    0.014183    0.657544    
51          2         1           97.4800     0.217035    0.028278    0.997603    
52          0         1           98.3200     0.384895    0.016480    0.701147    
52          1         1           96.3500     0.283147    0.014269    0.600652    
52          2         1           96.5500     0.431094    0.015491    0.642066    
53          0         1           98.5300     0.208323    0.019141    0.707861    
53          1         1           96.5900     0.210568    0.017623    0.731395    
53          2         1           98.1000     0.231568    0.013930    0.667664    
54          0         1           98.2600     0.441283    0.018833    0.708724    
54          1         1           96.3400     0.236122    0.011751    0.598470    
54          2         1           97.4300     0.255784    0.018412    0.749456    
55          0         1           98.7100     0.583235    0.017091    0.680494    
55          1         1           96.4800     0.262933    0.011946    0.593238    
55          2         1           96.4400     0.424287    0.016687    0.722990    
56          0         1           98.7300     0.272086    0.021564    0.788505    
56          1         1           96.6900     0.236870    0.013802    0.681945    
56          2         1           97.0500     0.134324    0.013013    0.656876    
57          0         1           98.6100     0.294798    0.019596    0.772560    
57          1         1           96.6300     0.098522    0.010663    0.586752    
57          2         1           97.0800     0.194839    0.020846    0.855790    
58          0         1           98.2500     0.262501    0.020249    0.817460    
58          1         1           97.1900     0.341064    0.010604    0.560710    
58          2         1           97.2400     0.368514    0.014411    0.690719    
59          0         1           98.3700     0.462950    0.016171    0.649573    
59          1         1           96.8500     0.186044    0.011172    0.586960    
59          2         1           97.6000     0.319886    0.013016    0.666343    
60          0         1           97.8900     0.294796    0.016692    0.696605    
60          1         1           95.9700     0.337585    0.014942    0.698905    
60          2         1           97.6200     0.250803    0.014108    0.690426    
61          0         1           98.0900     0.238439    0.018905    0.805047    
61          1         1           95.2600     0.273367    0.009684    0.566451    
61          2         1           98.4800     0.282263    0.012722    0.707315    
62          0         1           98.4800     0.227151    0.017712    0.775135    
62          1         1           96.4200     0.225883    0.008287    0.517970    
62          2         1           98.2700     0.285829    0.013628    0.693457    
63          0         1           98.5800     0.276064    0.014625    0.658156    
63          1         1           97.2600     0.325527    0.009574    0.587330    
63          2         1           96.8100     0.074419    0.013830    0.665303    
64          0         1           98.5100     0.238944    0.015212    0.699627    
64          1         1           97.0600     0.130622    0.010733    0.594446    
64          2         1           97.7100     0.205839    0.013176    0.677729    
65          0         1           98.1700     0.161973    0.020176    0.869569    
65          1         1           96.6900     0.131501    0.008505    0.513327    
65          2         1           98.3200     0.511244    0.013694    0.666204    
66          0         1           97.6800     0.216680    0.017692    0.737530    
66          1         1           97.4200     0.268160    0.012887    0.669981    
66          2         1           98.3500     0.270949    0.016244    0.719134    
67          0         1           98.6900     0.447801    0.014415    0.624581    
67          1         1           96.6800     0.395401    0.010402    0.588826    
67          2         1           97.4600     0.294807    0.016785    0.746070    
68          0         1           96.8100     0.612906    0.014477    0.644474    
68          1         1           97.3500     0.134487    0.009480    0.583708    
68          2         1           97.9300     0.381791    0.011151    0.612840    
69          0         1           98.4000     0.143561    0.015912    0.741232    
69          1         1           96.7900     0.486866    0.012474    0.577608    
69          2         1           95.9500     0.109507    0.013702    0.669275    
70          0         1           98.7300     0.508720    0.014245    0.658433    
70          1         1           97.3200     0.415129    0.009487    0.534984    
70          2         1           98.0800     0.411185    0.010041    0.610999    
71          0         1           98.5600     0.187458    0.016153    0.722409    
71          1         1           97.7600     0.341465    0.011652    0.600589    
71          2         1           98.0300     0.094961    0.013704    0.699470    
72          0         1           98.6900     0.151410    0.020303    0.893041    
72          1         1           97.0400     0.551803    0.011892    0.609660    
72          2         1           98.2300     0.146049    0.011426    0.605618    
73          0         1           98.5400     0.164881    0.014131    0.743563    
73          1         1           97.1100     0.092566    0.010591    0.636222    
73          2         1           98.4100     0.307823    0.010459    0.538477    
74          0         1           98.2800     0.210821    0.012101    0.630349    
74          1         1           97.4500     0.211219    0.011122    0.561215    
74          2         1           97.3600     0.195842    0.012217    0.614315    
75          0         1           98.2100     0.195648    0.014348    0.692986    
75          1         1           96.3800     0.149685    0.012302    0.618048    
75          2         1           98.5700     0.159382    0.009325    0.530317    
76          0         1           98.4400     0.581536    0.010392    0.585496    
76          1         1           97.5700     0.010527    0.008686    0.548824    
76          2         1           98.2800     0.130459    0.014914    0.719427    
77          0         1           97.6000     0.161706    0.013844    0.695659    
77          1         1           97.1300     0.089962    0.009483    0.586028    
77          2         1           98.0500     0.132354    0.014835    0.744065    
78          0         1           98.6300     0.203565    0.011587    0.579818    
78          1         1           97.4000     0.085001    0.011878    0.645623    
78          2         1           98.3400     0.160595    0.011701    0.636275    
79          0         1           98.0600     0.107463    0.015834    0.786380    
79          1         1           96.8100     0.501279    0.011172    0.631340    
79          2         1           96.9900     0.216104    0.014968    0.704005    
80          0         1           98.2000     0.457173    0.013073    0.621710    
80          1         1           97.6200     0.285632    0.009365    0.580828    
80          2         1           98.6200     0.127451    0.010744    0.594618    
81          0         1           98.4400     0.400199    0.012069    0.663484    
81          1         1           97.6200     0.375679    0.008326    0.522002    
81          2         1           97.7700     0.347866    0.010596    0.566440    
82          0         1           98.3500     0.213968    0.013469    0.679674    
82          1         1           96.5800     0.064955    0.008352    0.557124    
82          2         1           97.5800     0.096410    0.009474    0.597690    
83          0         1           97.3700     0.066818    0.011846    0.644475    
83          1         1           96.1300     0.080542    0.009428    0.545471    
83          2         1           98.4000     0.314034    0.008575    0.506577    
84          0         1           98.2800     0.246175    0.013257    0.735962    
84          1         1           97.9500     0.130524    0.008286    0.541712    
84          2         1           98.0100     0.088181    0.009479    0.607751    
85          0         1           98.4700     0.150419    0.009674    0.530978    
85          1         1           98.0400     0.101751    0.007546    0.481474    
85          2         1           98.3300     0.122643    0.009753    0.543187    
86          0         1           98.2800     0.249770    0.010659    0.621647    
86          1         1           97.8400     0.037275    0.009433    0.635221    
86          2         1           98.1600     0.438244    0.008535    0.516656    
87          0         1           98.2400     0.156195    0.011479    0.636638    
87          1         1           96.7500     0.314661    0.008221    0.543864    
87          2         1           98.6200     0.152500    0.009989    0.604825    
88          0         1           97.8800     0.507897    0.009612    0.543615    
88          1         1           98.2000     0.025882    0.006784    0.473349    
88          2         1           97.8200     0.144390    0.009882    0.547095    
89          0         1           98.3800     0.062382    0.011816    0.703080    
89          1         1           97.6500     0.380114    0.010729    0.620338    
89          2         1           97.7300     0.244375    0.008057    0.570020    
90          0         1           98.3800     0.128596    0.009834    0.613071    
90          1         1           97.6800     0.165728    0.006221    0.425642    
90          2         1           98.5300     0.147985    0.009305    0.570548    
91          0         1           98.3300     0.220639    0.009153    0.567971    
91          1         1           98.1000     0.245179    0.011379    0.603903    
91          2         1           98.3900     0.067085    0.013274    0.671008    
92          0         1           98.4000     0.134675    0.009822    0.583541    
92          1         1           96.7600     0.217637    0.006873    0.434609    
92          2         1           98.5600     0.186756    0.009814    0.609078    
93          0         1           98.5700     0.241041    0.009647    0.572465    
93          1         1           95.5700     0.124330    0.006833    0.499038    
93          2         1           98.1100     0.043737    0.012087    0.668196    
94          0         1           98.1800     0.258861    0.010423    0.585970    
94          1         1           97.6300     0.246183    0.006779    0.475074    
94          2         1           98.1800     0.105912    0.008867    0.600012    
95          0         1           98.6200     0.173284    0.008321    0.525160    
95          1         1           96.3700     0.187446    0.009017    0.578108    
95          2         1           96.6100     0.025879    0.009330    0.546365    
96          0         1           98.6200     0.203839    0.011423    0.685239    
96          1         1           97.3400     0.497759    0.006474    0.449956    
96          2         1           98.0500     0.103542    0.008550    0.566846    
97          0         1           98.3900     0.211657    0.009519    0.569611    
97          1         1           98.1000     0.003774    0.005303    0.405474    
97          2         1           98.5600     0.108931    0.006794    0.507892    
98          0         1           98.5800     0.426942    0.006521    0.455602    
98          1         1           98.0900     0.073093    0.008434    0.553026    
98          2         1           98.1300     0.150060    0.006589    0.488112    
99          0         1           98.3000     0.204566    0.008125    0.543385    
99          1         1           98.2800     0.116332    0.005813    0.426806    
99          2         1           98.4400     0.103112    0.007369    0.506266    
100         0         1           98.1600     0.293849    0.011359    0.608601    
100         1         1           98.1400     0.091492    0.010282    0.653087    
100         2         1           98.5000     0.130964    0.009278    0.585659    
101         0         1           98.6400     0.425441    0.006353    0.483755    
101         1         1           96.6200     0.066480    0.005634    0.454958    
101         2         1           98.1700     0.064510    0.007313    0.518655    
102         0         1           98.6500     0.187230    0.006851    0.490375    
102         1         1           97.4700     0.170424    0.006277    0.469949    
102         2         1           98.6600     0.088319    0.009591    0.559035    
103         0         1           98.2600     0.318157    0.010949    0.622184    
103         1         1           97.6400     0.655210    0.005114    0.393544    
103         2         1           98.3500     0.098466    0.006638    0.507160    
104         0         1           98.8400     0.067805    0.006600    0.475899    
104         1         1           97.9800     0.083987    0.007885    0.488926    
104         2         1           97.5000     0.095587    0.007614    0.528410    
105         0         1           99.0000     0.025815    0.013899    0.818073    
105         1         1           98.2600     0.009611    0.006936    0.491424    
105         2         1           98.3100     0.147029    0.008270    0.570933    
106         0         1           98.6100     0.129327    0.010450    0.626251    
106         1         1           97.7800     0.133760    0.006905    0.482489    
106         2         1           98.2200     0.029984    0.006289    0.453818    
107         0         1           98.7700     0.171667    0.007677    0.502544    
107         1         1           97.7400     0.099900    0.008824    0.573103    
107         2         1           97.6600     0.106648    0.010330    0.635563    
108         0         1           98.5100     0.148882    0.010883    0.701510    
108         1         1           97.8000     0.130763    0.005963    0.450048    
108         2         1           98.4900     0.188091    0.005043    0.391056    
109         0         1           98.8200     0.074032    0.009605    0.585508    
109         1         1           98.1500     0.041140    0.005918    0.477243    
109         2         1           98.2500     0.103157    0.004711    0.399471    
110         0         1           98.5100     0.127923    0.009429    0.600548    
110         1         1           98.0300     0.051536    0.004311    0.375427    
110         2         1           98.1000     0.187957    0.006013    0.433666    
111         0         1           98.4000     0.049696    0.006807    0.498173    
111         1         1           98.0200     0.045242    0.008826    0.590104    
111         2         1           98.1200     0.196268    0.006660    0.489272    
112         0         1           98.1900     0.068475    0.008470    0.550076    
112         1         1           98.1900     0.008825    0.005490    0.423430    
112         2         1           98.4400     0.038154    0.004914    0.422889    
113         0         1           99.0200     0.000011    0.010548    0.702416    
113         1         1           97.9100     0.033627    0.004859    0.398376    
113         2         1           98.6000     0.121979    0.007862    0.512765    
114         0         1           98.7800     0.330979    0.015536    0.800822    
114         1         1           98.5800     0.011763    0.004592    0.399484    
114         2         1           96.9400     0.048953    0.006038    0.466188    
115         0         1           98.3700     0.295539    0.006960    0.498357    
115         1         1           97.7600     0.182571    0.009654    0.581765    
115         2         1           98.5600     0.106481    0.006362    0.478718    
116         0         1           98.5900     0.279677    0.005419    0.433331    
116         1         1           97.9700     0.139155    0.006296    0.434095    
116         2         1           98.7400     0.154046    0.006272    0.453880    
117         0         1           98.6800     0.297034    0.006170    0.460785    
117         1         1           98.0800     0.043962    0.006231    0.457431    
117         2         1           98.6200     0.096047    0.008729    0.578715    
118         0         1           98.6600     0.222884    0.005284    0.418398    
118         1         1           97.8900     0.365956    0.004383    0.369676    
118         2         1           97.9100     0.178822    0.008705    0.590640    
119         0         1           98.6700     0.146122    0.005831    0.464703    
119         1         1           98.2300     0.017124    0.009254    0.603390    
119         2         1           99.0400     0.001079    0.012642    0.783289    
120         0         1           98.9000     0.003203    0.005680    0.455069    
120         1         1           98.2400     0.123180    0.006989    0.449533    
120         2         1           98.1400     0.100249    0.005526    0.446883    
121         0         1           99.0900     0.000008    0.013052    0.802308    
121         1         1           98.3600     0.152340    0.003072    0.307002    
121         2         1           98.2700     0.082056    0.005738    0.446802    
122         0         1           98.3200     0.035996    0.008505    0.528115    
122         1         1           98.2600     0.039591    0.006298    0.492760    
122         2         1           98.3400     0.109533    0.005007    0.383933    
123         0         1           98.5600     0.343025    0.005486    0.427472    
123         1         1           98.2900     0.091946    0.005984    0.437092    
123         2         1           98.2000     0.190905    0.007680    0.501203    
124         0         1           98.4800     0.091081    0.004992    0.411874    
124         1         1           98.7200     0.001020    0.006297    0.484756    
124         2         1           98.9000     0.010651    0.005078    0.400585    
125         0         1           98.2000     0.055728    0.006929    0.511667    
125         1         1           98.5600     0.015065    0.005840    0.454450    
125         2         1           98.2300     0.055301    0.007456    0.502289    
126         0         1           98.4200     0.354439    0.008255    0.520931    
126         1         1           98.4500     0.151256    0.012382    0.775075    
126         2         1           98.6200     0.079798    0.005130    0.418280    
127         0         1           98.3200     0.278629    0.004754    0.388885    
127         1         1           98.2000     0.058707    0.004794    0.389485    
127         2         1           98.3200     0.051275    0.005052    0.443258    
128         0         1           98.9400     0.045253    0.005468    0.451122    
128         1         1           98.0900     0.093162    0.007015    0.493333    
128         2         1           98.3700     0.191792    0.007554    0.573714    
129         0         1           98.8900     0.033501    0.011222    0.761273    
129         1         1           97.8600     0.031987    0.005780    0.470088    
129         2         1           98.5600     0.143500    0.005634    0.411112    
130         0         1           98.8600     0.173020    0.006612    0.462478    
130         1         1           98.2800     0.121389    0.004743    0.404366    
130         2         1           98.8600     0.041434    0.006581    0.474599    
131         0         1           98.9300     0.000665    0.010796    0.693509    
131         1         1           98.6600     0.001165    0.005528    0.459853    
131         2         1           98.3200     0.217882    0.008347    0.526033    
132         0         1           98.6900     0.115772    0.004404    0.414627    
132         1         1           98.1000     0.031809    0.007675    0.566269    
132         2         1           98.6500     0.048703    0.006640    0.470368    
133         0         1           98.7200     0.205596    0.007398    0.566108    
133         1         1           98.7100     0.000437    0.005365    0.446666    
133         2         1           98.4800     0.034782    0.009338    0.635201    
134         0         1           98.5200     0.089114    0.006512    0.446302    
134         1         1           97.4600     0.140831    0.005058    0.421411    
134         2         1           98.8600     0.066172    0.009218    0.648255    
135         0         1           98.5900     0.098819    0.005736    0.453494    
135         1         1           98.5700     0.002274    0.005822    0.517546    
135         2         1           98.2900     0.045353    0.006838    0.467852    
136         0         1           98.6600     0.152094    0.007158    0.508344    
136         1         1           98.1500     0.021804    0.004803    0.369580    
136         2         1           98.7700     0.081559    0.005343    0.418119    
137         0         1           98.6500     0.140951    0.006437    0.476945    
137         1         1           97.8800     0.097881    0.005015    0.425064    
137         2         1           97.9500     0.103626    0.006042    0.464075    
138         0         1           98.4300     0.154825    0.003882    0.361460    
138         1         1           98.3200     0.030109    0.003594    0.329791    
138         2         1           98.7300     0.009760    0.005188    0.418151    
139         0         1           98.4600     0.114385    0.004090    0.329810    
139         1         1           98.4600     0.052270    0.006304    0.445066    
139         2         1           98.3600     0.097385    0.006603    0.464047    
140         0         1           98.7000     0.169545    0.004981    0.401879    
140         1         1           98.5700     0.037984    0.008512    0.672526    
140         2         1           98.5600     0.009392    0.006066    0.462310    
141         0         1           99.0500     0.000010    0.008002    0.622294    
141         1         1           97.8300     0.207766    0.004936    0.421794    
141         2         1           98.8700     0.014425    0.004721    0.417066    
142         0         1           98.3000     0.191705    0.008620    0.596650    
142         1         1           99.0000     0.000025    0.009130    0.707491    
142         2         1           98.6200     0.074501    0.009063    0.657358    
143         0         1           98.9600     0.170314    0.004650    0.442072    
143         1         1           98.8500     0.006819    0.005774    0.481606    
143         2         1           98.3800     0.081631    0.003966    0.380761    
144         0         1           98.8600     0.009524    0.005829    0.484898    
144         1         1           98.4200     0.027782    0.006513    0.494114    
144         2         1           98.8700     0.061602    0.003835    0.351148    
145         0         1           98.9400     0.090076    0.006712    0.498811    
145         1         1           98.1300     0.011050    0.003503    0.355419    
145         2         1           98.4900     0.103414    0.005490    0.417332    
146         0         1           98.7200     0.131377    0.005547    0.455611    
146         1         1           98.7800     0.002527    0.005941    0.518774    
146         2         1           98.7400     0.140157    0.004212    0.360561    
147         0         1           99.0900     0.000139    0.009186    0.722878    
147         1         1           98.6700     0.071079    0.012774    0.888768    
147         2         1           98.9700     0.003143    0.009333    0.714549    
148         0         1           99.0200     0.000419    0.006363    0.494174    
148         1         1           98.3900     0.068037    0.003526    0.348646    
148         2         1           98.7900     0.245876    0.004395    0.370471    
149         0         1           98.8100     0.026683    0.009703    0.735803    
149         1         1           98.1800     0.017632    0.006560    0.541139    
149         2         1           99.0000     0.000783    0.009687    0.682933    
150         0         1           98.6900     0.119137    0.004781    0.437985    
150         1         1           98.4400     0.172124    0.008156    0.604845    
150         2         1           98.7600     0.004236    0.004431    0.406366    
151         0         1           98.8600     0.051792    0.005254    0.447079    
151         1         1           98.3000     0.017853    0.003678    0.346900    
151         2         1           98.7000     0.108496    0.006397    0.498613    
152         0         1           99.0500     0.000011    0.006872    0.553501    
152         1         1           98.5300     0.019539    0.004986    0.461728    
152         2         1           98.2900     0.011068    0.006925    0.520439    
153         0         1           98.8500     0.069355    0.007803    0.599966    
153         1         1           98.2900     0.048139    0.005558    0.431997    
153         2         1           98.6700     0.016888    0.004603    0.436602    
154         0         1           99.0400     0.002015    0.008606    0.663970    
154         1         1           98.2300     0.091599    0.004649    0.415464    
154         2         1           98.7100     0.150132    0.004264    0.385897    
155         0         1           98.6000     0.139218    0.004081    0.349513    
155         1         1           97.6200     0.001531    0.005142    0.471770    
155         2         1           98.9600     0.020473    0.003479    0.326718    
156         0         1           99.0000     0.000014    0.007240    0.590121    
156         1         1           98.6000     0.010339    0.004909    0.409066    
156         2         1           98.5100     0.153707    0.004657    0.407903    
157         0         1           98.7400     0.321215    0.005737    0.485666    
157         1         1           98.4800     0.011315    0.004790    0.467657    
157         2         1           97.8200     0.096937    0.005540    0.491104    
158         0         1           98.4500     0.086523    0.004832    0.410476    
158         1         1           98.2800     0.125024    0.006022    0.424767    
158         2         1           98.6800     0.051036    0.004422    0.440280    
159         0         1           99.0800     0.000005    0.008228    0.637881    
159         1         1           98.8200     0.008405    0.005867    0.494576    
159         2         1           98.7100     0.087498    0.003002    0.311132    
160         0         1           98.9900     0.066817    0.008634    0.606158    
160         1         1           98.4900     0.011198    0.003913    0.387550    
160         2         1           98.5200     0.062967    0.003817    0.387042    
161         0         1           99.0400     0.000144    0.009699    0.708328    
161         1         1           98.2200     0.050178    0.008893    0.640760    
161         2         1           98.3900     0.099433    0.004240    0.359531    
162         0         1           98.6200     0.360798    0.005513    0.450981    
162         1         1           98.3700     0.001254    0.008654    0.632260    
162         2         1           98.4500     0.215316    0.003946    0.365063    
163         0         1           99.0800     0.000083    0.008418    0.667414    
163         1         1           98.5800     0.002462    0.006249    0.481829    
163         2         1           98.7000     0.005442    0.004057    0.384723    
164         0         1           98.8400     0.018537    0.009190    0.660684    
164         1         1           98.1000     0.048504    0.006801    0.559060    
164         2         1           98.2200     0.295364    0.003098    0.339814    
165         0         1           98.3700     0.059374    0.005713    0.464116    
165         1         1           98.1400     0.007950    0.003520    0.370930    
165         2         1           98.7400     0.157907    0.002095    0.253447    
166         0         1           98.5400     0.131462    0.004306    0.395615    
166         1         1           98.2300     0.007962    0.004070    0.405628    
166         2         1           98.8500     0.065246    0.007942    0.604205    
167         0         1           98.8900     0.007927    0.004434    0.378371    
167         1         1           98.4300     0.007442    0.006775    0.544473    
167         2         1           98.6000     0.009392    0.003034    0.337401    
168         0         1           99.0400     0.000021    0.011297    0.799229    
168         1         1           98.4700     0.013161    0.004260    0.389502    
168         2         1           98.5800     0.032249    0.005083    0.459704    
169         0         1           98.6200     0.157459    0.005227    0.430435    
169         1         1           98.3800     0.009297    0.006269    0.507050    
169         2         1           98.8200     0.003456    0.005583    0.525861    
170         0         1           99.0300     0.000019    0.010710    0.760565    
170         1         1           98.0800     0.129077    0.003310    0.341319    
170         2         1           98.7900     0.000649    0.002934    0.292123    
171         0         1           98.7300     0.098545    0.005676    0.453265    
171         1         1           98.5800     0.001616    0.002885    0.315420    
171         2         1           98.6200     0.064017    0.004470    0.461774    
172         0         1           98.9100     0.018966    0.007586    0.565799    
172         1         1           98.4300     0.164884    0.004428    0.411351    
172         2         1           98.3100     0.514806    0.002421    0.267434    
173         0         1           97.9300     0.037411    0.005128    0.432443    
173         1         1           98.6200     0.012186    0.004244    0.394699    
173         2         1           98.5800     0.161423    0.002717    0.273411    
174         0         1           98.9000     0.053829    0.004434    0.470355    
174         1         1           98.6300     0.028529    0.007197    0.563895    
174         2         1           98.6400     0.083257    0.004793    0.421565    
175         0         1           98.5100     0.252954    0.005333    0.440413    
175         1         1           98.6200     0.008842    0.006690    0.618993    
175         2         1           98.7700     0.231591    0.003080    0.316434    
176         0         1           99.0600     0.000045    0.005575    0.516894    
176         1         1           98.5000     0.016716    0.005319    0.531597    
176         2         1           98.9700     0.002543    0.009773    0.805928    
177         0         1           99.0100     0.000019    0.008617    0.661155    
177         1         1           98.4500     0.002396    0.005279    0.499958    
177         2         1           98.4400     0.064866    0.003478    0.326786    
178         0         1           98.6200     0.035743    0.009084    0.593678    
178         1         1           98.4700     0.107533    0.005495    0.484043    
178         2         1           98.8500     0.002185    0.006914    0.664339    
179         0         1           98.7100     0.063350    0.003402    0.319449    
179         1         1           98.6400     0.011336    0.003522    0.379434    
179         2         1           98.6100     0.032361    0.003079    0.297394    
180         0         1           98.9400     0.000905    0.007088    0.635354    
180         1         1           98.6400     0.041794    0.006154    0.542763    
180         2         1           99.0200     0.000819    0.004975    0.489771    
181         0         1           98.7400     0.012199    0.004324    0.403110    
181         1         1           98.4700     0.006363    0.004256    0.411385    
181         2         1           98.7800     0.007100    0.005651    0.557360    
182         0         1           99.0200     0.000167    0.008082    0.674590    
182         1         1           98.5900     0.089850    0.009432    0.729205    
182         2         1           98.9300     0.118166    0.004051    0.371068    
183         0         1           98.6300     0.017350    0.004302    0.439858    
183         1         1           98.5500     0.005167    0.004680    0.419993    
183         2         1           98.9300     0.005029    0.003538    0.370504    
184         0         1           98.9800     0.000010    0.004583    0.481241    
184         1         1           98.3300     0.051128    0.005009    0.414302    
184         2         1           98.7800     0.090097    0.003727    0.372344    
185         0         1           98.7100     0.047622    0.005517    0.497394    
185         1         1           98.8500     0.000432    0.008288    0.689182    
185         2         1           98.9900     0.001084    0.003163    0.373242    
186         0         1           99.0100     0.000011    0.005312    0.525235    
186         1         1           98.4600     0.011966    0.002288    0.275248    
186         2         1           98.8400     0.133660    0.007529    0.670053    
187         0         1           98.8200     0.009107    0.007632    0.640936    
187         1         1           98.3000     0.035215    0.004782    0.429409    
187         2         1           98.9900     0.019366    0.003957    0.408713    
188         0         1           98.6000     0.119111    0.002713    0.298177    
188         1         1           98.9400     0.000381    0.004224    0.434988    
188         2         1           97.7200     0.003066    0.005988    0.486129    
189         0         1           98.7300     0.108183    0.004316    0.372448    
189         1         1           97.9700     0.029071    0.007032    0.515438    
189         2         1           98.7200     0.003818    0.005939    0.557184    
190         0         1           98.6300     0.092896    0.002584    0.271542    
190         1         1           98.6300     0.007834    0.003702    0.357314    
190         2         1           98.2300     0.082939    0.003080    0.274850    
191         0         1           98.5200     0.123222    0.002306    0.290548    
191         1         1           98.2500     0.019177    0.005819    0.546541    
191         2         1           98.7200     0.258411    0.005988    0.525689    
192         0         1           98.5700     0.201394    0.002276    0.260297    
192         1         1           98.0700     0.194869    0.004367    0.450399    
192         2         1           98.9600     0.015708    0.002484    0.283272    
193         0         1           99.0000     0.001476    0.005173    0.484445    
193         1         1           98.6400     0.004981    0.004437    0.459845    
193         2         1           98.7300     0.036195    0.004714    0.427226    
194         0         1           98.7300     0.163014    0.003285    0.347943    
194         1         1           98.4700     0.125342    0.005671    0.486667    
194         2         1           99.0400     0.045056    0.007975    0.687698    
195         0         1           99.0200     0.000081    0.006798    0.583819    
195         1         1           98.4900     0.064079    0.003930    0.400460    
195         2         1           98.7100     0.128545    0.002795    0.271650    
196         0         1           99.0000     0.001490    0.009198    0.758551    
196         1         1           98.7700     0.002233    0.006260    0.606367    
196         2         1           98.8800     0.057236    0.006342    0.549092    
197         0         1           98.8300     0.094615    0.005966    0.541464    
197         1         1           98.6700     0.018438    0.003155    0.305853    
197         2         1           98.9000     0.103996    0.002448    0.282354    
198         0         1           98.8300     0.035600    0.003069    0.341670    
198         1         1           98.5100     0.011546    0.005801    0.506923    
198         2         1           99.0500     0.000291    0.005034    0.468354    
199         0         1           99.0500     0.000011    0.004388    0.449201    
199         1         1           98.6700     0.021305    0.005024    0.490161    
199         2         1           98.8300     0.055828    0.005305    0.476270    
200         0         1           98.8400     0.053497    0.005715    0.494695    
200         1         1           98.0200     0.187897    0.004430    0.444689    
200         2         1           98.8600     0.162982    0.002653    0.267904    
