ClientID	NNPass_Train	TrainLoss	NNPass_Test	TestLoss
0	375	1.683464	375	0.585133
0	750	0.674410	750	0.316513
0	1125	0.556743	1125	0.290853
0	1500	0.503731	1500	0.254507
0	1875	0.470303	1875	0.190839
0	2250	0.451022	2250	0.211274
0	2625	0.437327	2625	0.191869
0	3000	0.425525	3000	0.197361
0	3375	0.414672	3375	0.222007
0	3750	0.408300	3750	0.178791
0	4125	0.401567	4125	0.187834
0	4500	0.396238	4500	0.189217
0	4875	0.391568	4875	0.154690
0	5250	0.387273	5250	0.186533
0	5625	0.382931	5625	0.151292
0	6000	0.381039	6000	0.186925
0	6375	0.375313	6375	0.155598
0	6750	0.373842	6750	0.170528
0	7125	0.369897	7125	0.128038
0	7500	0.366798	7500	0.142056
0	7875	0.365340	7875	0.127296
0	8250	0.363896	8250	0.175206
0	8625	0.360908	8625	0.119056
0	9000	0.358380	9000	0.216992
0	9375	0.355608	9375	0.172596
0	9750	0.354054	9750	0.121507
0	10125	0.350854	10125	0.166658
0	10500	0.350386	10500	0.127660
0	10875	0.349245	10875	0.182267
0	11250	0.346431	11250	0.139828
0	11625	0.346238	11625	0.118750
0	12000	0.345450	12000	0.143276
0	12375	0.344095	12375	0.152687
0	12750	0.342672	12750	0.098338
0	13125	0.339618	13125	0.141259
0	13500	0.337387	13500	0.137563
0	13875	0.337964	13875	0.135469
0	14250	0.336700	14250	0.114558
0	14625	0.336207	14625	0.114662
0	15000	0.333271	15000	0.099234
0	15375	0.333606	15375	0.134969
0	15750	0.332680	15750	0.164031
0	16125	0.329987	16125	0.137969
0	16500	0.328936	16500	0.113464
0	16875	0.327143	16875	0.111339
0	17250	0.328457	17250	0.121212
0	17625	0.327031	17625	0.107291
0	18000	0.326354	18000	0.188421
0	18375	0.323646	18375	0.109056
0	18750	0.324799	18750	0.147266
1	375	1.685348	375	0.635636
1	750	0.737073	750	0.382241
1	1125	0.620737	1125	0.328272
1	1500	0.567612	1500	0.272426
1	1875	0.534616	1875	0.269633
1	2250	0.508251	2250	0.290958
1	2625	0.495004	2625	0.226862
1	3000	0.479790	3000	0.225588
1	3375	0.470127	3375	0.235351
1	3750	0.462323	3750	0.197865
1	4125	0.452542	4125	0.217267
1	4500	0.444022	4500	0.195856
1	4875	0.438031	4875	0.146625
1	5250	0.434452	5250	0.191824
1	5625	0.428498	5625	0.189741
1	6000	0.424151	6000	0.193426
1	6375	0.419015	6375	0.164068
1	6750	0.416419	6750	0.251021
1	7125	0.414141	7125	0.191999
1	7500	0.409685	7500	0.217345
1	7875	0.405852	7875	0.243752
1	8250	0.405892	8250	0.178594
1	8625	0.402226	8625	0.164519
1	9000	0.400181	9000	0.207172
1	9375	0.399190	9375	0.163171
1	9750	0.396584	9750	0.198464
1	10125	0.393541	10125	0.170761
1	10500	0.391477	10500	0.169396
1	10875	0.391472	10875	0.195724
1	11250	0.388263	11250	0.161627
1	11625	0.386808	11625	0.186174
1	12000	0.385222	12000	0.151678
1	12375	0.383469	12375	0.182333
1	12750	0.382726	12750	0.148961
1	13125	0.380590	13125	0.162141
1	13500	0.379104	13500	0.183457
1	13875	0.379020	13875	0.183004
1	14250	0.376155	14250	0.195651
1	14625	0.376279	14625	0.178523
1	15000	0.373252	15000	0.147434
1	15375	0.373106	15375	0.147907
1	15750	0.371952	15750	0.150132
1	16125	0.372582	16125	0.178536
1	16500	0.370066	16500	0.163245
1	16875	0.368460	16875	0.169975
1	17250	0.367878	17250	0.142080
1	17625	0.367324	17625	0.178341
1	18000	0.365375	18000	0.201370
1	18375	0.365620	18375	0.147849
1	18750	0.363723	18750	0.164886
2	375	1.807677	375	0.685473
2	750	1.032313	750	0.530461
2	1125	0.936293	1125	0.420239
2	1500	0.891711	1500	0.366442
2	1875	0.863345	1875	0.384961
2	2250	0.847304	2250	0.370905
2	2625	0.831609	2625	0.323834
2	3000	0.818490	3000	0.347655
2	3375	0.811332	3375	0.308404
2	3750	0.805187	3750	0.312825
2	4125	0.796034	4125	0.310056
2	4500	0.790011	4500	0.310774
2	4875	0.784694	4875	0.302544
2	5250	0.782487	5250	0.267469
2	5625	0.776675	5625	0.280425
2	6000	0.771653	6000	0.291613
2	6375	0.767348	6375	0.224021
2	6750	0.764893	6750	0.313086
2	7125	0.762188	7125	0.372867
2	7500	0.758114	7500	0.351503
2	7875	0.755999	7875	0.265643
2	8250	0.754209	8250	0.279683
2	8625	0.749674	8625	0.249420
2	9000	0.747271	9000	0.272387
2	9375	0.745323	9375	0.251775
2	9750	0.742575	9750	0.255091
2	10125	0.739099	10125	0.293441
2	10500	0.739166	10500	0.232456
2	10875	0.735792	10875	0.330215
2	11250	0.732925	11250	0.223470
2	11625	0.730925	11625	0.256008
2	12000	0.728662	12000	0.243306
2	12375	0.727501	12375	0.254488
2	12750	0.724261	12750	0.224049
2	13125	0.722668	13125	0.237232
2	13500	0.720990	13500	0.289843
2	13875	0.717931	13875	0.298211
2	14250	0.715081	14250	0.249695
2	14625	0.715864	14625	0.271118
2	15000	0.712269	15000	0.243954
2	15375	0.710261	15375	0.257792
2	15750	0.709475	15750	0.280084
2	16125	0.704153	16125	0.245467
2	16500	0.704464	16500	0.224465
2	16875	0.701673	16875	0.197529
2	17250	0.701036	17250	0.230514
2	17625	0.698834	17625	0.258896
2	18000	0.695607	18000	0.295526
2	18375	0.696368	18375	0.263058
2	18750	0.697434	18750	0.201207
3	375	1.483191	375	0.412587
3	750	0.362951	750	0.283873
3	1125	0.248369	1125	0.180072
3	1500	0.194246	1500	0.218479
3	1875	0.164740	1875	0.127603
3	2250	0.142885	2250	0.123301
3	2625	0.129160	2625	0.096839
3	3000	0.117036	3000	0.093874
3	3375	0.108828	3375	0.097017
3	3750	0.102161	3750	0.088139
3	4125	0.096804	4125	0.086183
3	4500	0.092758	4500	0.079918
3	4875	0.087650	4875	0.073967
3	5250	0.084913	5250	0.080850
3	5625	0.081902	5625	0.068820
3	6000	0.076994	6000	0.069665
3	6375	0.074309	6375	0.063275
3	6750	0.072726	6750	0.060389
3	7125	0.069553	7125	0.062033
3	7500	0.068554	7500	0.065157
3	7875	0.066152	7875	0.056560
3	8250	0.065090	8250	0.061305
3	8625	0.064002	8625	0.055741
3	9000	0.062882	9000	0.053979
3	9375	0.060522	9375	0.054171
3	9750	0.058467	9750	0.053863
3	10125	0.056916	10125	0.048734
3	10500	0.055944	10500	0.050292
3	10875	0.054664	10875	0.052777
3	11250	0.053912	11250	0.051605
3	11625	0.051323	11625	0.045815
3	12000	0.050489	12000	0.045490
3	12375	0.050428	12375	0.045000
3	12750	0.047897	12750	0.050130
3	13125	0.048721	13125	0.046233
3	13500	0.047203	13500	0.045902
3	13875	0.047120	13875	0.047118
3	14250	0.045610	14250	0.044816
3	14625	0.045985	14625	0.044430
3	15000	0.044569	15000	0.042185
3	15375	0.044263	15375	0.044578
3	15750	0.043642	15750	0.042451
3	16125	0.042675	16125	0.040539
3	16500	0.042094	16500	0.048610
3	16875	0.041939	16875	0.042998
3	17250	0.039925	17250	0.039506
3	17625	0.039816	17625	0.043806
3	18000	0.039039	18000	0.045114
3	18375	0.038975	18375	0.040064
3	18750	0.038232	18750	0.042161
4	375	1.502122	375	0.432802
4	750	0.366330	750	0.259255
4	1125	0.243927	1125	0.189842
4	1500	0.191325	1500	0.147812
4	1875	0.158296	1875	0.128231
4	2250	0.137610	2250	0.117652
4	2625	0.123309	2625	0.125732
4	3000	0.114817	3000	0.097782
4	3375	0.105502	3375	0.089248
4	3750	0.099262	3750	0.082151
4	4125	0.091923	4125	0.076917
4	4500	0.086937	4500	0.086301
4	4875	0.082719	4875	0.072107
4	5250	0.079279	5250	0.066083
4	5625	0.076168	5625	0.067420
4	6000	0.073616	6000	0.077050
4	6375	0.069944	6375	0.068469
4	6750	0.067691	6750	0.062986
4	7125	0.066535	7125	0.072061
4	7500	0.064785	7500	0.069098
4	7875	0.062642	7875	0.057804
4	8250	0.060334	8250	0.060193
4	8625	0.058906	8625	0.058313
4	9000	0.057316	9000	0.057126
4	9375	0.056087	9375	0.058554
4	9750	0.054805	9750	0.050878
4	10125	0.054788	10125	0.048764
4	10500	0.052344	10500	0.051727
4	10875	0.049803	10875	0.051757
4	11250	0.051317	11250	0.055679
4	11625	0.049380	11625	0.046382
4	12000	0.049322	12000	0.048890
4	12375	0.047286	12375	0.053144
4	12750	0.046266	12750	0.042448
4	13125	0.045720	13125	0.045982
4	13500	0.044377	13500	0.048762
4	13875	0.043958	13875	0.051687
4	14250	0.044007	14250	0.046297
4	14625	0.041740	14625	0.054087
4	15000	0.041146	15000	0.043941
4	15375	0.040949	15375	0.047111
4	15750	0.040699	15750	0.041980
4	16125	0.039093	16125	0.043687
4	16500	0.039433	16500	0.040493
4	16875	0.038551	16875	0.042787
4	17250	0.038395	17250	0.040753
4	17625	0.038105	17625	0.041910
4	18000	0.037815	18000	0.038331
4	18375	0.036893	18375	0.040529
4	18750	0.037018	18750	0.039381
