GlobalRnd   ClientID  LocEpoch    Accuracy    LR          Loss        GradNorm    
1           0         1           84.9400     0.010000    1.683464    0.000000    
1           1         1           81.4800     0.010000    1.685348    0.000000    
1           2         1           84.2200     0.010000    1.807677    0.000000    
1           3         1           87.5900     0.010000    1.483191    0.000000    
1           4         1           86.9700     0.010000    1.502122    0.000000    
2           0         1           92.7400     0.010000    0.674410    0.000000    
2           1         1           90.3600     0.010000    0.737073    0.000000    
2           2         1           88.3900     0.010000    1.032313    0.000000    
2           3         1           91.7300     0.010000    0.362951    0.000000    
2           4         1           92.2600     0.010000    0.366330    0.000000    
3           0         1           93.8200     0.010000    0.556743    0.000000    
3           1         1           92.3200     0.010000    0.620737    0.000000    
3           2         1           90.9900     0.010000    0.936293    0.000000    
3           3         1           94.4200     0.010000    0.248369    0.000000    
3           4         1           94.2600     0.010000    0.243927    0.000000    
4           0         1           94.6800     0.010000    0.503731    0.000000    
4           1         1           94.4500     0.010000    0.567612    0.000000    
4           2         1           93.6500     0.010000    0.891711    0.000000    
4           3         1           92.8300     0.010000    0.194246    0.000000    
4           4         1           95.6900     0.010000    0.191325    0.000000    
5           0         1           96.0700     0.010000    0.470303    0.000000    
5           1         1           94.2200     0.010000    0.534616    0.000000    
5           2         1           93.3300     0.010000    0.863345    0.000000    
5           3         1           96.2300     0.010000    0.164740    0.000000    
5           4         1           96.2700     0.010000    0.158296    0.000000    
6           0         1           96.2100     0.010000    0.451022    0.000000    
6           1         1           92.9900     0.010000    0.508251    0.000000    
6           2         1           94.5600     0.010000    0.847304    0.000000    
6           3         1           96.3800     0.010000    0.142885    0.000000    
6           4         1           96.4700     0.010000    0.137610    0.000000    
7           0         1           96.3500     0.010000    0.437327    0.000000    
7           1         1           95.6300     0.010000    0.495004    0.000000    
7           2         1           96.0200     0.010000    0.831609    0.000000    
7           3         1           97.2700     0.010000    0.129160    0.000000    
7           4         1           96.2600     0.010000    0.123309    0.000000    
8           0         1           96.3600     0.010000    0.425525    0.000000    
8           1         1           95.2300     0.010000    0.479790    0.000000    
8           2         1           94.9100     0.010000    0.818490    0.000000    
8           3         1           97.2900     0.010000    0.117036    0.000000    
8           4         1           97.0200     0.010000    0.114817    0.000000    
9           0         1           96.6000     0.010000    0.414672    0.000000    
9           1         1           95.9100     0.010000    0.470127    0.000000    
9           2         1           95.4000     0.010000    0.811332    0.000000    
9           3         1           97.0500     0.010000    0.108828    0.000000    
9           4         1           97.2400     0.010000    0.105502    0.000000    
10          0         1           96.9600     0.010000    0.408300    0.000000    
10          1         1           96.4800     0.010000    0.462323    0.000000    
10          2         1           96.0600     0.010000    0.805187    0.000000    
10          3         1           97.3500     0.010000    0.102161    0.000000    
10          4         1           97.4900     0.010000    0.099262    0.000000    
11          0         1           97.0100     0.010000    0.401567    0.000000    
11          1         1           96.3500     0.010000    0.452542    0.000000    
11          2         1           95.8000     0.010000    0.796034    0.000000    
11          3         1           97.4800     0.010000    0.096804    0.000000    
11          4         1           97.7300     0.010000    0.091923    0.000000    
12          0         1           96.9200     0.010000    0.396238    0.000000    
12          1         1           96.8700     0.010000    0.444022    0.000000    
12          2         1           96.9200     0.010000    0.790011    0.000000    
12          3         1           97.6700     0.010000    0.092758    0.000000    
12          4         1           97.4400     0.010000    0.086937    0.000000    
13          0         1           97.4900     0.010000    0.391568    0.000000    
13          1         1           97.6100     0.010000    0.438031    0.000000    
13          2         1           96.1500     0.010000    0.784694    0.000000    
13          3         1           97.7000     0.010000    0.087650    0.000000    
13          4         1           97.7800     0.010000    0.082719    0.000000    
14          0         1           96.9000     0.010000    0.387273    0.000000    
14          1         1           97.1900     0.010000    0.434452    0.000000    
14          2         1           97.0700     0.010000    0.782487    0.000000    
14          3         1           97.4700     0.010000    0.084913    0.000000    
14          4         1           98.0100     0.010000    0.079279    0.000000    
15          0         1           97.4100     0.010000    0.382931    0.000000    
15          1         1           97.4900     0.010000    0.428498    0.000000    
15          2         1           96.7600     0.010000    0.776675    0.000000    
15          3         1           97.9200     0.010000    0.081902    0.000000    
15          4         1           97.9300     0.010000    0.076168    0.000000    
16          0         1           97.3600     0.010000    0.381039    0.000000    
16          1         1           97.2500     0.010000    0.424151    0.000000    
16          2         1           96.7600     0.010000    0.771653    0.000000    
16          3         1           97.8400     0.010000    0.076994    0.000000    
16          4         1           97.5400     0.010000    0.073616    0.000000    
17          0         1           97.6000     0.010000    0.375313    0.000000    
17          1         1           97.3300     0.010000    0.419015    0.000000    
17          2         1           97.3700     0.010000    0.767348    0.000000    
17          3         1           98.0700     0.010000    0.074309    0.000000    
17          4         1           97.9900     0.010000    0.069944    0.000000    
18          0         1           97.6400     0.010000    0.373842    0.000000    
18          1         1           95.0700     0.010000    0.416419    0.000000    
18          2         1           96.7600     0.010000    0.764893    0.000000    
18          3         1           98.1900     0.010000    0.072726    0.000000    
18          4         1           98.0800     0.010000    0.067691    0.000000    
19          0         1           98.2400     0.010000    0.369897    0.000000    
19          1         1           96.9300     0.010000    0.414141    0.000000    
19          2         1           94.8200     0.010000    0.762188    0.000000    
19          3         1           98.1500     0.010000    0.069553    0.000000    
19          4         1           97.8700     0.010000    0.066535    0.000000    
20          0         1           97.7600     0.010000    0.366798    0.000000    
20          1         1           96.5000     0.010000    0.409685    0.000000    
20          2         1           95.4100     0.010000    0.758114    0.000000    
20          3         1           98.0400     0.010000    0.068554    0.000000    
20          4         1           97.8500     0.010000    0.064785    0.000000    
21          0         1           98.0800     0.010000    0.365340    0.000000    
21          1         1           95.9400     0.010000    0.405852    0.000000    
21          2         1           96.9500     0.010000    0.755999    0.000000    
21          3         1           98.2300     0.010000    0.066152    0.000000    
21          4         1           98.2400     0.010000    0.062642    0.000000    
22          0         1           97.3800     0.010000    0.363896    0.000000    
22          1         1           97.3000     0.010000    0.405892    0.000000    
22          2         1           96.8400     0.010000    0.754209    0.000000    
22          3         1           98.1400     0.010000    0.065090    0.000000    
22          4         1           98.2100     0.010000    0.060334    0.000000    
23          0         1           98.1900     0.010000    0.360908    0.000000    
23          1         1           97.6700     0.010000    0.402226    0.000000    
23          2         1           97.5700     0.010000    0.749674    0.000000    
23          3         1           98.3100     0.010000    0.064002    0.000000    
23          4         1           98.2300     0.010000    0.058906    0.000000    
24          0         1           96.6200     0.010000    0.358380    0.000000    
24          1         1           96.9800     0.010000    0.400181    0.000000    
24          2         1           96.9700     0.010000    0.747271    0.000000    
24          3         1           98.3200     0.010000    0.062882    0.000000    
24          4         1           98.2800     0.010000    0.057316    0.000000    
25          0         1           97.4200     0.010000    0.355608    0.000000    
25          1         1           97.5100     0.010000    0.399190    0.000000    
25          2         1           96.7700     0.010000    0.745323    0.000000    
25          3         1           98.4900     0.010000    0.060522    0.000000    
25          4         1           98.1400     0.010000    0.056087    0.000000    
26          0         1           98.2900     0.010000    0.354054    0.000000    
26          1         1           98.0100     0.010000    0.396584    0.000000    
26          2         1           97.1600     0.010000    0.742575    0.000000    
26          3         1           98.2800     0.010000    0.058467    0.000000    
26          4         1           98.4900     0.010000    0.054805    0.000000    
27          0         1           97.5300     0.010000    0.350854    0.000000    
27          1         1           97.8300     0.010000    0.393541    0.000000    
27          2         1           97.0600     0.010000    0.739099    0.000000    
27          3         1           98.5700     0.010000    0.056916    0.000000    
27          4         1           98.6100     0.010000    0.054788    0.000000    
28          0         1           98.1000     0.010000    0.350386    0.000000    
28          1         1           97.4200     0.010000    0.391477    0.000000    
28          2         1           97.0300     0.010000    0.739166    0.000000    
28          3         1           98.4900     0.010000    0.055944    0.000000    
28          4         1           98.2800     0.010000    0.052344    0.000000    
29          0         1           97.2800     0.010000    0.349245    0.000000    
29          1         1           97.2900     0.010000    0.391472    0.000000    
29          2         1           96.4200     0.010000    0.735792    0.000000    
29          3         1           98.3900     0.010000    0.054664    0.000000    
29          4         1           98.5400     0.010000    0.049803    0.000000    
30          0         1           98.1100     0.010000    0.346431    0.000000    
30          1         1           97.7100     0.010000    0.388263    0.000000    
30          2         1           97.6700     0.010000    0.732925    0.000000    
30          3         1           98.4300     0.010000    0.053912    0.000000    
30          4         1           98.3200     0.010000    0.051317    0.000000    
31          0         1           98.3200     0.010000    0.346238    0.000000    
31          1         1           97.3400     0.010000    0.386808    0.000000    
31          2         1           96.4600     0.010000    0.730925    0.000000    
31          3         1           98.6300     0.010000    0.051323    0.000000    
31          4         1           98.6600     0.010000    0.049380    0.000000    
32          0         1           97.8300     0.010000    0.345450    0.000000    
32          1         1           98.0400     0.010000    0.385222    0.000000    
32          2         1           97.7100     0.010000    0.728662    0.000000    
32          3         1           98.5500     0.010000    0.050489    0.000000    
32          4         1           98.4300     0.010000    0.049322    0.000000    
33          0         1           98.0000     0.010000    0.344095    0.000000    
33          1         1           97.1100     0.010000    0.383469    0.000000    
33          2         1           97.3200     0.010000    0.727501    0.000000    
33          3         1           98.7100     0.010000    0.050428    0.000000    
33          4         1           98.2800     0.010000    0.047286    0.000000    
34          0         1           98.3100     0.010000    0.342672    0.000000    
34          1         1           97.9700     0.010000    0.382726    0.000000    
34          2         1           97.3500     0.010000    0.724261    0.000000    
34          3         1           98.4400     0.010000    0.047897    0.000000    
34          4         1           98.7300     0.010000    0.046266    0.000000    
35          0         1           98.0100     0.010000    0.339618    0.000000    
35          1         1           97.8700     0.010000    0.380590    0.000000    
35          2         1           97.3800     0.010000    0.722668    0.000000    
35          3         1           98.6600     0.010000    0.048721    0.000000    
35          4         1           98.6300     0.010000    0.045720    0.000000    
36          0         1           98.0800     0.010000    0.337387    0.000000    
36          1         1           97.6000     0.010000    0.379104    0.000000    
36          2         1           97.1200     0.010000    0.720990    0.000000    
36          3         1           98.5800     0.010000    0.047203    0.000000    
36          4         1           98.5000     0.010000    0.044377    0.000000    
37          0         1           98.4000     0.010000    0.337964    0.000000    
37          1         1           97.9400     0.010000    0.379020    0.000000    
37          2         1           96.5900     0.010000    0.717931    0.000000    
37          3         1           98.5400     0.010000    0.047120    0.000000    
37          4         1           98.3400     0.010000    0.043958    0.000000    
38          0         1           98.2700     0.010000    0.336700    0.000000    
38          1         1           97.2400     0.010000    0.376155    0.000000    
38          2         1           97.6600     0.010000    0.715081    0.000000    
38          3         1           98.5400     0.010000    0.045610    0.000000    
38          4         1           98.5400     0.010000    0.044007    0.000000    
39          0         1           98.4700     0.010000    0.336207    0.000000    
39          1         1           97.6300     0.010000    0.376279    0.000000    
39          2         1           97.2600     0.010000    0.715864    0.000000    
39          3         1           98.5900     0.010000    0.045985    0.000000    
39          4         1           98.2200     0.010000    0.041740    0.000000    
40          0         1           98.5000     0.010000    0.333271    0.000000    
40          1         1           98.2700     0.010000    0.373252    0.000000    
40          2         1           97.9600     0.010000    0.712269    0.000000    
40          3         1           98.7400     0.010000    0.044569    0.000000    
40          4         1           98.4900     0.010000    0.041146    0.000000    
41          0         1           98.5600     0.010000    0.333606    0.000000    
41          1         1           98.1300     0.010000    0.373106    0.000000    
41          2         1           97.5800     0.010000    0.710261    0.000000    
41          3         1           98.6400     0.010000    0.044263    0.000000    
41          4         1           98.4900     0.010000    0.040949    0.000000    
42          0         1           97.8500     0.010000    0.332680    0.000000    
42          1         1           98.3200     0.010000    0.371952    0.000000    
42          2         1           97.4600     0.010000    0.709475    0.000000    
42          3         1           98.6200     0.010000    0.043642    0.000000    
42          4         1           98.6900     0.010000    0.040699    0.000000    
43          0         1           98.1500     0.010000    0.329987    0.000000    
43          1         1           97.6900     0.010000    0.372582    0.000000    
43          2         1           97.5600     0.010000    0.704153    0.000000    
43          3         1           98.6800     0.010000    0.042675    0.000000    
43          4         1           98.6800     0.010000    0.039093    0.000000    
44          0         1           98.4500     0.010000    0.328936    0.000000    
44          1         1           98.0600     0.010000    0.370066    0.000000    
44          2         1           97.6600     0.010000    0.704464    0.000000    
44          3         1           98.3500     0.010000    0.042094    0.000000    
44          4         1           98.7700     0.010000    0.039433    0.000000    
45          0         1           98.4500     0.010000    0.327143    0.000000    
45          1         1           98.0300     0.010000    0.368460    0.000000    
45          2         1           98.2100     0.010000    0.701673    0.000000    
45          3         1           98.6700     0.010000    0.041939    0.000000    
45          4         1           98.6000     0.010000    0.038551    0.000000    
46          0         1           98.2700     0.010000    0.328457    0.000000    
46          1         1           98.2200     0.010000    0.367878    0.000000    
46          2         1           97.8500     0.010000    0.701036    0.000000    
46          3         1           98.7700     0.010000    0.039925    0.000000    
46          4         1           98.7700     0.010000    0.038395    0.000000    
47          0         1           98.5000     0.010000    0.327031    0.000000    
47          1         1           98.2800     0.010000    0.367324    0.000000    
47          2         1           97.6000     0.010000    0.698834    0.000000    
47          3         1           98.6600     0.010000    0.039816    0.000000    
47          4         1           98.6500     0.010000    0.038105    0.000000    
48          0         1           96.9100     0.010000    0.326354    0.000000    
48          1         1           97.4300     0.010000    0.365375    0.000000    
48          2         1           96.6600     0.010000    0.695607    0.000000    
48          3         1           98.5400     0.010000    0.039039    0.000000    
48          4         1           98.8900     0.010000    0.037815    0.000000    
49          0         1           98.4300     0.010000    0.323646    0.000000    
49          1         1           98.3200     0.010000    0.365620    0.000000    
49          2         1           96.7800     0.010000    0.696368    0.000000    
49          3         1           98.8100     0.010000    0.038975    0.000000    
49          4         1           98.8400     0.010000    0.036893    0.000000    
50          0         1           97.7500     0.010000    0.324799    0.000000    
50          1         1           97.8600     0.010000    0.363723    0.000000    
50          2         1           97.6600     0.010000    0.697434    0.000000    
50          3         1           98.7200     0.010000    0.038232    0.000000    
50          4         1           98.8600     0.010000    0.037018    0.000000    
