GlobalRnd   ClientID  LocEpoch    Accuracy    LR          Loss        GradNorm    
1           0         2           56.8400     0.079160    0.205556    2.809993    
1           1         2           35.4100     0.059366    0.235326    2.592505    
1           2         2           37.9400     0.062170    0.231453    2.429336    
1           3         2           46.2400     0.036475    0.253545    3.033888    
1           4         2           35.2000     0.037480    0.214283    2.487905    
1           5         2           38.4900     0.021839    0.200847    2.938245    
1           6         2           57.5300     0.096241    0.152334    1.917165    
1           7         2           26.2200     0.019233    0.537272    3.275142    
1           8         2           36.0200     0.190640    0.127668    1.259422    
1           9         2           31.3100     0.021236    0.310252    3.442230    
2           0         2           59.1000     0.083664    0.132748    2.394575    
2           1         2           47.1000     0.038994    0.199592    3.224986    
2           2         2           54.9100     0.120681    0.118318    1.990716    
2           3         2           54.2500     0.037391    0.165423    3.095073    
2           4         2           36.2500     0.039874    0.135471    2.495595    
2           5         2           39.1100     0.024793    0.167291    3.318987    
2           6         2           62.1000     0.184950    0.091812    1.599376    
2           7         2           26.1500     0.028618    0.271845    3.330910    
2           8         2           34.8300     0.255632    0.072030    1.136824    
2           9         2           40.8000     0.051700    0.151954    2.521443    
3           0         2           66.0400     0.094140    0.102864    2.077010    
3           1         2           55.6500     0.063904    0.140354    2.627889    
3           2         2           60.4100     0.103465    0.099765    1.877851    
3           3         2           62.0000     0.074590    0.116775    2.220759    
3           4         2           53.2200     0.075151    0.092904    2.044699    
3           5         2           47.2900     0.051577    0.070564    1.929816    
3           6         2           68.3000     0.143379    0.061182    1.361044    
3           7         2           44.8900     0.041126    0.138401    2.750648    
3           8         2           48.8200     0.198404    0.064086    1.232052    
3           9         2           45.6100     0.070716    0.113928    2.253027    
4           0         2           59.8000     0.129403    0.086131    1.716295    
4           1         2           71.6300     0.070364    0.109646    2.236755    
4           2         2           65.0700     0.107589    0.061348    1.565704    
4           3         2           73.0900     0.094002    0.088755    1.867713    
4           4         2           65.2700     0.080975    0.077088    1.858687    
4           5         2           56.7100     0.062021    0.057583    1.549096    
4           6         2           73.7700     0.137505    0.060211    1.226614    
4           7         2           66.1200     0.042069    0.104181    2.520900    
4           8         2           54.9400     0.236287    0.054428    1.103280    
4           9         2           51.4900     0.084847    0.107321    1.993625    
5           0         2           67.3400     0.127520    0.070010    1.520785    
5           1         2           81.2800     0.068271    0.087043    1.939194    
5           2         2           78.6600     0.107473    0.060074    1.526964    
5           3         2           77.4200     0.097275    0.074875    1.558315    
5           4         2           64.9700     0.098917    0.052909    1.590126    
5           5         2           55.5800     0.106482    0.061842    1.478574    
5           6         2           80.3300     0.175228    0.042380    0.988499    
5           7         2           78.8500     0.069075    0.089099    2.431387    
5           8         2           58.0400     0.147414    0.055647    1.134485    
5           9         2           68.4800     0.087540    0.079453    1.602899    
6           0         2           67.6600     0.118242    0.064537    1.485421    
6           1         2           80.6400     0.083919    0.072653    1.808501    
6           2         2           82.9800     0.117893    0.061849    1.452927    
6           3         2           80.8000     0.099342    0.068837    1.486966    
6           4         2           74.7800     0.095584    0.066581    1.400780    
6           5         2           62.1300     0.100651    0.042835    1.240238    
6           6         2           80.3100     0.226682    0.038210    0.847557    
6           7         2           78.1700     0.058265    0.061469    2.101978    
6           8         2           80.3700     0.253191    0.040383    0.873356    
6           9         2           75.5500     0.076534    0.082749    1.805824    
7           0         2           73.0600     0.111597    0.061987    1.381249    
7           1         2           82.1600     0.092737    0.071891    1.616969    
7           2         2           78.4400     0.133107    0.070881    1.333629    
7           3         2           76.2300     0.122087    0.057652    1.353946    
7           4         2           69.7100     0.088616    0.060064    1.302836    
7           5         2           67.8600     0.110614    0.032791    1.097213    
7           6         2           81.2800     0.239639    0.028624    0.755482    
7           7         2           83.6200     0.059230    0.043844    1.836184    
7           8         2           66.9700     0.461931    0.029917    0.817589    
7           9         2           71.3600     0.096182    0.067223    1.693156    
8           0         2           74.7500     0.112276    0.058231    1.397130    
8           1         2           81.5300     0.095051    0.071190    1.639836    
8           2         2           76.7100     0.126651    0.043947    1.228240    
8           3         2           76.8200     0.104798    0.053793    1.368380    
8           4         2           71.2600     0.126889    0.060551    1.259818    
8           5         2           72.0500     0.140840    0.031488    1.075288    
8           6         2           92.7800     0.245772    0.028236    0.779028    
8           7         2           83.0100     0.067173    0.057651    1.781397    
8           8         2           85.4800     0.355374    0.041158    0.862808    
8           9         2           75.1700     0.089590    0.069838    1.614146    
9           0         2           59.1000     0.116788    0.055315    1.458650    
9           1         2           75.3500     0.102046    0.047398    1.436051    
9           2         2           80.1000     0.137397    0.033378    1.106337    
9           3         2           78.4500     0.119658    0.048482    1.308756    
9           4         2           75.2000     0.130593    0.048902    1.269920    
9           5         2           69.4800     0.152866    0.032290    0.967801    
9           6         2           86.1700     0.239607    0.025152    0.761296    
9           7         2           82.4100     0.062989    0.053391    1.692136    
9           8         2           70.6500     0.475253    0.036167    0.834126    
9           9         2           79.4500     0.103960    0.058195    1.511815    
10          0         2           74.9400     0.125115    0.051820    1.244855    
10          1         2           77.7800     0.098160    0.051653    1.363892    
10          2         2           83.0000     0.134046    0.047401    1.155896    
10          3         2           82.6600     0.120809    0.049036    1.227126    
10          4         2           60.5800     0.127442    0.038228    1.107681    
10          5         2           78.2000     0.149858    0.048871    1.114681    
10          6         2           85.7400     0.516117    0.023315    0.709337    
10          7         2           85.7100     0.073739    0.040808    1.628545    
10          8         2           83.0400     0.558018    0.043017    0.854269    
10          9         2           83.5600     0.083381    0.069753    1.573887    
11          0         2           80.6700     0.157332    0.048993    1.176844    
11          1         2           88.1400     0.102980    0.050706    1.364128    
11          2         2           82.2700     0.127123    0.029253    1.062903    
11          3         2           86.5900     0.104013    0.044126    1.236654    
11          4         2           78.0800     0.149808    0.035822    1.070900    
11          5         2           69.8600     0.316695    0.021450    0.858440    
11          6         2           90.3800     0.701433    0.022244    0.663303    
11          7         2           82.2000     0.098690    0.040708    1.400104    
11          8         2           76.3000     0.543847    0.027941    0.677739    
11          9         2           81.7700     0.081305    0.050777    1.340672    
12          0         2           76.6400     0.140587    0.059747    1.178568    
12          1         2           87.4700     0.095054    0.055337    1.515025    
12          2         2           86.4100     0.124354    0.048146    1.247878    
12          3         2           81.1400     0.126945    0.042775    1.142375    
12          4         2           79.2000     0.086009    0.048402    1.375252    
12          5         2           75.2000     0.184898    0.030847    0.877247    
12          6         2           90.4300     0.456616    0.018430    0.613318    
12          7         2           90.0900     0.076649    0.062178    1.763907    
12          8         2           72.8300     0.483250    0.021602    0.642962    
12          9         2           84.2700     0.109170    0.037339    1.349430    
13          0         2           81.9100     0.117485    0.041737    1.212038    
13          1         2           90.9900     0.094454    0.044980    1.246884    
13          2         2           83.4300     0.145300    0.037395    1.108400    
13          3         2           79.1800     0.138304    0.042463    1.158134    
13          4         2           69.6500     0.111365    0.040173    1.194616    
13          5         2           79.9100     0.323370    0.020635    0.792085    
13          6         2           84.4800     0.966906    0.026541    0.669763    
13          7         2           84.3900     0.065912    0.031813    1.604836    
13          8         2           75.3400     1.106228    0.029066    0.689709    
13          9         2           78.1700     0.121778    0.047985    1.460804    
14          0         2           72.9100     0.128754    0.041938    1.116861    
14          1         2           85.4400     0.102589    0.044282    1.353288    
14          2         2           82.6900     0.125486    0.037647    1.128927    
14          3         2           84.2500     0.144705    0.040227    1.073979    
14          4         2           78.9000     0.165550    0.029088    1.080783    
14          5         2           72.5900     0.265312    0.028030    0.835292    
14          6         2           89.6400     1.029431    0.018554    0.546730    
14          7         2           87.7400     0.119074    0.027418    1.379252    
14          8         2           71.9100     0.783599    0.032391    0.697541    
14          9         2           83.9900     0.089716    0.053002    1.432088    
15          0         2           83.0400     0.145065    0.036487    1.106238    
15          1         2           92.0500     0.098873    0.038635    1.381049    
15          2         2           86.4800     0.218275    0.039036    1.061505    
15          3         2           83.2700     0.126280    0.036326    1.084257    
15          4         2           76.6000     0.131064    0.032432    1.235503    
15          5         2           80.5700     0.300033    0.018680    0.710464    
15          6         2           91.5800     0.552609    0.020052    0.608035    
15          7         2           78.7000     0.079161    0.055364    1.683078    
15          8         2           79.1700     1.171764    0.035200    0.761898    
15          9         2           88.5800     0.090751    0.052817    1.421492    
16          0         2           81.7900     0.134098    0.036441    1.079280    
16          1         2           92.9000     0.086761    0.042615    1.254272    
16          2         2           90.1200     0.262335    0.028698    1.002022    
16          3         2           83.9800     0.134923    0.035561    1.117225    
16          4         2           77.4000     0.175836    0.034704    1.331901    
16          5         2           72.7100     0.525438    0.022383    0.827725    
16          6         2           92.9900     1.429248    0.016436    0.533737    
16          7         2           89.5100     0.109554    0.028003    1.436559    
16          8         2           75.9100     0.860611    0.027020    0.749138    
16          9         2           86.4100     0.067837    0.067749    1.568359    
17          0         2           79.4300     0.140819    0.037084    1.094247    
17          1         2           88.1800     0.083830    0.035270    1.211973    
17          2         2           81.2300     0.126234    0.043633    1.125602    
17          3         2           87.1300     0.144230    0.041819    1.059868    
17          4         2           82.2100     0.131495    0.032480    1.118526    
17          5         2           77.6200     0.632245    0.018141    0.773793    
17          6         2           92.3200     1.212974    0.019347    0.610596    
17          7         2           94.3900     0.079509    0.029116    1.410744    
17          8         2           68.6200     2.157474    0.040396    0.761541    
17          9         2           85.6900     0.098864    0.040752    1.447255    
18          0         2           86.3600     0.137257    0.034159    1.054258    
18          1         2           88.6100     0.083999    0.036528    1.278948    
18          2         2           87.8000     0.173266    0.025020    1.062518    
18          3         2           93.0700     0.117895    0.038687    1.052441    
18          4         2           75.4100     0.116201    0.026801    1.153526    
18          5         2           77.2400     0.771224    0.020069    0.713902    
18          6         2           90.7000     1.376254    0.019485    0.554002    
18          7         2           90.2300     0.078566    0.021616    1.279646    
18          8         2           79.8300     2.406581    0.028933    0.713472    
18          9         2           87.1200     0.107592    0.052434    1.467032    
19          0         2           88.8300     0.182868    0.025333    0.986532    
19          1         2           88.3900     0.101675    0.034389    1.241032    
19          2         2           90.5900     0.197087    0.024769    0.975112    
19          3         2           85.8500     0.127205    0.033827    1.008444    
19          4         2           87.7300     0.232417    0.040525    1.181520    
19          5         2           86.0600     0.514841    0.018606    0.721423    
19          6         2           91.3900     1.662391    0.019818    0.544336    
19          7         2           88.8800     0.137891    0.015213    1.154837    
19          8         2           78.4600     1.173959    0.033061    0.748809    
19          9         2           88.5700     0.080057    0.057865    1.479006    
20          0         2           87.1400     0.132727    0.036180    1.116128    
20          1         2           92.9600     0.105967    0.028186    1.208600    
20          2         2           86.5200     0.177729    0.028173    1.027567    
20          3         2           91.6000     0.121660    0.032013    0.997945    
20          4         2           85.7700     0.175494    0.030301    1.105352    
20          5         2           82.5700     0.500018    0.021210    0.749303    
20          6         2           91.8600     2.678302    0.018778    0.537909    
20          7         2           89.8800     0.081921    0.018631    1.152041    
20          8         2           70.2200     2.713999    0.033755    0.804091    
20          9         2           80.4000     0.117859    0.039127    1.221060    
21          0         2           79.3600     0.143154    0.035312    1.083575    
21          1         2           93.6000     0.106683    0.033168    1.236534    
21          2         2           87.6400     0.211855    0.023959    0.983881    
21          3         2           91.5800     0.179785    0.033249    1.067208    
21          4         2           88.4000     0.142419    0.025917    1.121642    
21          5         2           83.4700     0.662703    0.018602    0.712664    
21          6         2           90.3300     1.283979    0.013773    0.541094    
21          7         2           94.9600     0.083463    0.041225    1.348250    
21          8         2           79.8100     3.186425    0.037385    0.768475    
21          9         2           86.9500     0.099965    0.034064    1.368126    
22          0         2           88.4500     0.177404    0.025984    0.975444    
22          1         2           93.1900     0.102959    0.026654    1.132315    
22          2         2           93.3100     0.238043    0.026294    0.919511    
22          3         2           88.9200     0.125478    0.035492    1.074648    
22          4         2           88.4200     0.179013    0.029709    1.344693    
22          5         2           88.0900     0.520149    0.015921    0.730325    
22          6         2           92.8500     1.477672    0.017443    0.541130    
22          7         2           93.2000     0.095108    0.030686    1.318939    
22          8         2           84.6100     3.719426    0.026211    0.649645    
22          9         2           86.9500     0.116852    0.030980    1.341176    
23          0         2           88.6400     0.139288    0.035863    1.130283    
23          1         2           91.1000     0.125426    0.030189    1.249196    
23          2         2           91.6600     0.530829    0.025878    1.036749    
23          3         2           91.3900     0.135115    0.035734    1.083288    
23          4         2           88.8400     0.235144    0.024887    1.306433    
23          5         2           85.9300     1.158583    0.019880    0.792561    
23          6         2           84.9300     1.256727    0.019084    0.637275    
23          7         2           91.5000     0.081799    0.028039    1.398746    
23          8         2           76.6700     2.997751    0.034115    0.745490    
23          9         2           82.2100     0.095442    0.039612    1.337495    
24          0         2           80.6200     0.167937    0.031883    1.073114    
24          1         2           91.5500     0.120467    0.038967    1.333645    
24          2         2           85.7700     0.186086    0.023109    1.140553    
24          3         2           89.9900     0.137325    0.035927    1.073343    
24          4         2           85.6900     0.148880    0.031130    1.184149    
24          5         2           86.0500     0.641998    0.016805    0.684849    
24          6         2           91.8400     3.784299    0.017744    0.541794    
24          7         2           90.8100     0.102734    0.019893    1.239433    
24          8         2           80.0900     3.246466    0.029163    0.705395    
24          9         2           89.6500     0.078270    0.045395    1.453440    
25          0         2           87.8900     0.158720    0.033300    1.058529    
25          1         2           91.2500     0.095880    0.027644    1.117494    
25          2         2           90.8800     0.451969    0.024603    0.985117    
25          3         2           87.5000     0.168169    0.029820    1.001508    
25          4         2           90.1500     0.121989    0.033814    1.440636    
25          5         2           84.7200     0.837641    0.015054    0.787939    
25          6         2           93.6500     2.553732    0.015247    0.526653    
25          7         2           96.3500     0.077168    0.022846    1.162901    
25          8         2           84.0500     1.848295    0.027675    0.756737    
25          9         2           89.8900     0.083712    0.041850    1.576569    
26          0         2           91.8600     0.137920    0.037071    1.120616    
26          1         2           94.6100     0.088609    0.029550    1.678659    
26          2         2           92.4900     0.317033    0.027302    1.134877    
26          3         2           87.8200     0.188258    0.032219    1.003804    
26          4         2           85.1500     0.116689    0.043747    1.190858    
26          5         2           81.9200     0.552531    0.021511    0.868481    
26          6         2           93.6700     1.697932    0.016292    0.555015    
26          7         2           95.5300     0.189637    0.017517    1.585357    
26          8         2           81.7200     1.314476    0.038680    0.886312    
26          9         2           92.6100     0.201686    0.038852    1.239310    
27          0         2           92.0700     0.127999    0.034584    1.093304    
27          1         2           92.8800     0.124563    0.023999    1.128615    
27          2         2           87.5600     0.271457    0.028662    1.045768    
27          3         2           90.9000     0.192476    0.025762    1.014230    
27          4         2           91.9700     0.300118    0.024468    1.254611    
27          5         2           83.7100     0.929907    0.017137    0.680287    
27          6         2           91.7600     3.219964    0.018966    0.612153    
27          7         2           93.8000     0.081300    0.028284    1.252185    
27          8         2           85.5500     2.165110    0.028689    0.654987    
27          9         2           92.4700     0.087035    0.040004    1.440717    
28          0         2           88.5600     0.184466    0.025127    1.008932    
28          1         2           92.2300     0.088932    0.033716    1.256186    
28          2         2           91.8200     0.338035    0.025463    0.937690    
28          3         2           92.3900     0.146686    0.026463    0.951079    
28          4         2           91.3400     0.114021    0.033210    1.159598    
28          5         2           81.6400     1.103731    0.016008    0.789052    
28          6         2           92.0700     2.722336    0.015133    0.574422    
28          7         2           93.5100     0.161612    0.039851    1.301576    
28          8         2           83.3800     0.689757    0.031623    0.836661    
28          9         2           86.3500     0.116834    0.030701    1.285302    
29          0         2           91.6800     0.176856    0.024249    1.049987    
29          1         2           91.7300     0.105699    0.029881    1.271615    
29          2         2           92.5900     0.225918    0.020246    0.940238    
29          3         2           84.9200     0.136681    0.036717    1.108828    
29          4         2           91.4400     0.179576    0.035038    1.352542    
29          5         2           86.1800     1.190208    0.013455    0.634854    
29          6         2           89.8300     3.608705    0.018778    0.604442    
29          7         2           89.1900     0.082305    0.027477    1.358489    
29          8         2           81.1100     4.173633    0.032578    0.807244    
29          9         2           91.3100     0.162802    0.021906    1.372003    
30          0         2           87.1700     0.153505    0.026478    1.032128    
30          1         2           93.7800     0.069879    0.045768    1.414782    
30          2         2           91.3300     0.378426    0.026369    1.132997    
30          3         2           90.4000     0.170981    0.031019    0.998540    
30          4         2           91.1900     0.114891    0.048684    1.338184    
30          5         2           85.5400     1.477974    0.017894    0.737222    
30          6         2           94.3100     2.834521    0.015477    0.522970    
30          7         2           94.7400     0.106553    0.017363    1.144471    
30          8         2           80.9100     4.049250    0.028953    0.803788    
30          9         2           88.2100     0.136532    0.035610    1.301149    
31          0         2           82.1200     0.156846    0.029631    1.078213    
31          1         2           93.4300     0.137590    0.023972    1.166242    
31          2         2           94.5900     0.236180    0.024374    1.051311    
31          3         2           95.2600     0.124013    0.030922    1.093399    
31          4         2           90.7400     0.180550    0.025238    1.209471    
31          5         2           86.1800     0.873774    0.013671    0.776774    
31          6         2           94.0500     3.557481    0.015666    0.517132    
31          7         2           97.3500     0.117334    0.034252    1.296035    
31          8         2           78.8000     3.207361    0.027952    0.754098    
31          9         2           89.4200     0.187764    0.029845    1.197849    
32          0         2           88.8500     0.199256    0.029802    1.045023    
32          1         2           93.6400     0.211446    0.031453    1.183038    
32          2         2           92.6000     0.315548    0.024393    1.017758    
32          3         2           92.1700     0.171393    0.034921    1.003651    
32          4         2           90.9700     0.121237    0.027458    1.171498    
32          5         2           87.0700     1.246560    0.013877    0.724018    
32          6         2           95.4800     4.670490    0.013944    0.517285    
32          7         2           94.4400     0.077439    0.032741    1.389285    
32          8         2           77.7600     5.197113    0.029089    0.710191    
32          9         2           92.6100     0.318236    0.029348    1.229494    
33          0         2           91.1100     0.173670    0.030861    1.126446    
33          1         2           92.1400     0.100593    0.019750    1.066138    
33          2         2           93.6900     0.440551    0.022248    0.951552    
33          3         2           88.4600     0.203066    0.035666    1.093867    
33          4         2           89.3000     0.230903    0.024402    1.087056    
33          5         2           89.0400     0.982493    0.016646    0.705186    
33          6         2           94.1600     0.345030    0.024361    0.703331    
33          7         2           95.8200     0.094623    0.026799    1.263912    
33          8         2           81.6700     4.636125    0.027145    0.796003    
33          9         2           92.4600     0.201716    0.032015    1.210016    
34          0         2           89.4400     0.204785    0.023930    1.029908    
34          1         2           91.8600     0.109795    0.026905    1.176174    
34          2         2           94.7600     0.363186    0.025927    0.972547    
34          3         2           93.6400     0.201551    0.034593    1.052621    
34          4         2           88.8600     0.113293    0.037741    1.681665    
34          5         2           89.7100     1.883131    0.016756    0.715080    
34          6         2           94.8500     4.014831    0.017032    0.599487    
34          7         2           95.0700     0.052715    0.036826    1.431395    
34          8         2           82.5100     4.350208    0.031851    0.718893    
34          9         2           90.9000     0.084492    0.033979    1.403926    
35          0         2           91.1400     0.256096    0.021962    0.996921    
35          1         2           92.3600     0.184392    0.029270    1.205520    
35          2         2           95.3200     0.444041    0.028854    0.937780    
35          3         2           90.4300     0.377685    0.029483    1.049688    
35          4         2           91.4900     0.156648    0.031527    1.127492    
35          5         2           83.2500     0.761666    0.019966    0.801493    
35          6         2           91.6100     4.014404    0.014627    0.581996    
35          7         2           90.8200     0.102131    0.018669    1.157020    
35          8         2           81.4400     3.302449    0.027914    0.810465    
35          9         2           90.2400     0.135930    0.030751    1.305552    
36          0         2           87.9300     0.293354    0.022684    1.030658    
36          1         2           94.9200     0.148421    0.037853    1.341670    
36          2         2           93.8600     0.313732    0.025937    1.127550    
36          3         2           92.4200     0.247053    0.022662    1.123968    
36          4         2           92.7700     0.126882    0.026692    1.162071    
36          5         2           90.3900     1.462922    0.017370    0.803032    
36          6         2           95.9200     4.767221    0.013653    0.583772    
36          7         2           97.1800     0.121143    0.034446    1.423536    
36          8         2           81.7100     5.173791    0.028174    0.788498    
36          9         2           93.5500     0.219636    0.027923    1.394967    
37          0         2           91.0700     0.183594    0.027907    1.137348    
37          1         2           94.5500     0.095327    0.026360    1.327510    
37          2         2           90.6100     0.207316    0.030563    1.183463    
37          3         2           92.0800     0.165453    0.036106    1.127668    
37          4         2           87.1400     0.250003    0.019815    1.309771    
37          5         2           83.8700     2.084952    0.017331    0.772264    
37          6         2           94.6500     3.676933    0.016616    0.542371    
37          7         2           94.8800     0.081097    0.074290    1.775535    
37          8         2           88.1700     2.827610    0.019094    0.831484    
37          9         2           93.6400     0.138555    0.029591    1.227103    
38          0         2           90.1000     0.217735    0.023545    0.933026    
38          1         2           92.7700     0.111433    0.027233    1.110814    
38          2         2           93.7100     0.390644    0.021368    1.000183    
38          3         2           93.3400     0.183347    0.038781    1.199590    
38          4         2           92.0900     0.339157    0.024878    1.096007    
38          5         2           88.0500     2.370743    0.014622    0.759604    
38          6         2           96.1300     3.471612    0.016686    0.533196    
38          7         2           96.5200     0.096900    0.021629    1.149991    
38          8         2           80.9000     5.463276    0.026019    0.763921    
38          9         2           90.2200     0.121728    0.028759    1.389578    
39          0         2           94.6000     0.182790    0.028742    1.137472    
39          1         2           92.5100     0.197016    0.029907    1.233110    
39          2         2           93.4300     0.553302    0.029146    1.091640    
39          3         2           89.2000     0.232829    0.027789    1.032701    
39          4         2           82.3000     0.124375    0.032315    1.275170    
39          5         2           88.4600     0.757411    0.020570    0.900421    
39          6         2           95.8200     4.414676    0.014230    0.590149    
39          7         2           90.2000     0.101959    0.021530    1.478952    
39          8         2           84.1500     4.572172    0.025533    0.794999    
39          9         2           91.1800     0.078628    0.034014    1.392243    
40          0         2           88.3200     0.342015    0.023195    1.017379    
40          1         2           92.7700     0.190253    0.027155    1.267695    
40          2         2           91.1800     0.606374    0.023067    1.098975    
40          3         2           91.2500     0.232097    0.022901    1.078256    
40          4         2           95.8100     0.122102    0.028212    1.151830    
40          5         2           92.6500     1.848760    0.013935    0.683583    
40          6         2           94.4800     4.237551    0.016893    0.570929    
40          7         2           96.9600     0.083939    0.019789    1.079923    
40          8         2           86.8800     4.195730    0.021831    0.701990    
40          9         2           94.7600     0.118065    0.026856    1.180399    
41          0         2           92.4000     0.186126    0.026988    1.051537    
41          1         2           93.4500     0.147498    0.021170    1.114747    
41          2         2           93.4600     0.723874    0.024954    0.989840    
41          3         2           94.2800     0.286774    0.028527    1.029501    
41          4         2           91.3600     0.209037    0.052408    1.432497    
41          5         2           92.5900     1.488228    0.016647    0.759387    
41          6         2           95.3600     6.350134    0.015648    0.531665    
41          7         2           95.0200     0.083603    0.044620    1.619043    
41          8         2           79.9400     4.678355    0.040027    0.940343    
41          9         2           93.8800     0.110587    0.041899    1.299433    
42          0         2           95.0200     0.236564    0.023544    1.017511    
42          1         2           95.3200     0.110845    0.029198    1.347853    
42          2         2           92.6500     0.653921    0.031117    1.103556    
42          3         2           91.8500     0.213817    0.029603    1.046147    
42          4         2           94.5100     0.213340    0.031370    1.206780    
42          5         2           90.4500     0.915735    0.016071    0.803340    
42          6         2           96.2400     4.593209    0.015453    0.551241    
42          7         2           94.1300     0.063665    0.021142    1.375196    
42          8         2           87.4400     6.404393    0.031346    0.724539    
42          9         2           93.2200     0.186336    0.028728    1.467643    
43          0         2           93.3500     0.298314    0.022221    1.139195    
43          1         2           94.6200     0.114037    0.024514    1.176114    
43          2         2           95.3100     0.509725    0.026531    1.092921    
43          3         2           94.0000     0.187331    0.027539    1.124889    
43          4         2           91.2600     0.189381    0.027579    1.315640    
43          5         2           88.4000     2.670925    0.012516    0.612104    
43          6         2           95.0000     3.252451    0.016991    0.587040    
43          7         2           91.1200     0.059669    0.030520    1.567414    
43          8         2           84.9000     3.499111    0.030928    0.868414    
43          9         2           96.2200     0.094375    0.029583    1.490933    
44          0         2           93.9700     0.275148    0.022622    1.032839    
44          1         2           96.6400     0.086760    0.026448    1.411237    
44          2         2           93.0400     0.522526    0.030541    1.157135    
44          3         2           93.3700     0.232016    0.033584    1.205602    
44          4         2           88.6700     0.124462    0.041271    1.497419    
44          5         2           82.1500     2.989392    0.012358    0.736317    
44          6         2           95.0700     3.514280    0.018580    0.772613    
44          7         2           92.8000     0.339615    0.023573    1.146132    
44          8         2           88.8700     2.716468    0.024745    0.827512    
44          9         2           91.7200     0.274747    0.053997    1.506180    
45          0         2           92.6200     0.351003    0.026322    0.981055    
45          1         2           93.7100     0.115128    0.025712    1.331937    
45          2         2           93.2800     1.169842    0.026844    1.027744    
45          3         2           93.6600     0.669598    0.026852    0.986499    
45          4         2           84.8400     0.079037    0.045958    1.503599    
45          5         2           89.2800     2.345303    0.014061    0.692983    
45          6         2           95.6600     4.715533    0.016545    0.568621    
45          7         2           97.4400     0.152407    0.018168    1.242693    
45          8         2           70.3800     4.013479    0.031606    1.078397    
45          9         2           94.9200     0.109567    0.032315    1.327361    
46          0         2           94.7900     0.310311    0.025554    1.037729    
46          1         2           95.0200     0.067555    0.022248    1.379051    
46          2         2           94.6100     0.676858    0.024130    1.071749    
46          3         2           93.7800     0.448188    0.022331    1.025832    
46          4         2           94.3200     0.315239    0.025498    1.378995    
46          5         2           86.3500     1.296908    0.015621    0.863760    
46          6         2           95.8400     3.813436    0.015591    0.559369    
46          7         2           97.6500     0.093748    0.020618    1.281159    
46          8         2           86.8400     3.907873    0.025955    0.802999    
46          9         2           93.3900     0.147854    0.028126    1.339393    
47          0         2           95.0700     0.203852    0.025972    1.062940    
47          1         2           94.6400     0.128028    0.025037    1.276679    
47          2         2           92.9300     0.697131    0.028830    1.079588    
47          3         2           92.3200     0.471169    0.029117    1.023733    
47          4         2           90.9700     0.066997    0.050010    1.760957    
47          5         2           89.6300     1.727236    0.016244    0.831446    
47          6         2           96.2000     5.976982    0.014519    0.597741    
47          7         2           95.5300     0.067948    0.029792    1.484679    
47          8         2           88.3400     1.702505    0.027307    0.899417    
47          9         2           94.3900     0.092868    0.028348    1.507921    
48          0         2           96.2900     0.436495    0.028396    1.074115    
48          1         2           93.6900     0.206969    0.021116    1.096723    
48          2         2           95.2900     0.268952    0.028470    1.138472    
48          3         2           91.1000     0.220381    0.026059    1.053536    
48          4         2           89.8400     0.137046    0.034146    1.439998    
48          5         2           87.9000     3.337939    0.013928    0.723525    
48          6         2           95.0900     3.916518    0.014774    0.672955    
48          7         2           97.9000     0.066937    0.021787    1.275851    
48          8         2           74.3500     5.557273    0.028509    0.844172    
48          9         2           92.4700     0.165945    0.022174    1.271080    
49          0         2           94.7800     0.205169    0.031000    1.231789    
49          1         2           95.8300     0.177250    0.020025    1.271790    
49          2         2           93.7500     0.498151    0.026989    0.977310    
49          3         2           95.4200     0.228465    0.026765    1.118024    
49          4         2           94.5200     0.134275    0.026096    1.237753    
49          5         2           87.2600     1.945204    0.016351    0.889490    
49          6         2           95.1600     3.431730    0.017708    0.600860    
49          7         2           95.0500     0.069316    0.025818    1.328861    
49          8         2           88.7300     6.760782    0.028872    0.834366    
49          9         2           94.8200     0.170385    0.018121    1.146755    
50          0         2           91.8900     0.289153    0.020162    1.014287    
50          1         2           95.8400     0.242417    0.025141    1.151832    
50          2         2           92.6600     0.683474    0.017215    1.058915    
50          3         2           94.9000     0.512495    0.026813    1.003953    
50          4         2           95.6200     0.298802    0.023457    1.162749    
50          5         2           85.6900     2.866502    0.011991    0.658255    
50          6         2           96.1200     5.479057    0.014358    0.523149    
50          7         2           95.6900     0.168953    0.012959    1.098367    
50          8         2           83.9800     7.041633    0.025097    0.781957    
50          9         2           96.9000     0.092569    0.022492    1.425540    
