GlobalRnd   ClientID  LocEpoch    Accuracy    LR          Loss        GradNorm    
1           0         1           34.1000     0.254472    2.118889    2.545964    
1           1         1           37.2500     0.232929    2.065658    2.818444    
1           2         1           30.1900     0.253377    2.139286    2.433788    
1           3         1           33.2400     0.218039    2.012608    2.744677    
1           4         1           40.2800     0.221305    1.976816    2.679353    
2           0         1           31.2100     0.287764    1.931709    3.009242    
2           1         1           35.5900     0.267287    1.855825    2.932925    
2           2         1           31.0500     0.308876    2.035526    2.879648    
2           3         1           37.8300     0.243131    1.762471    3.117429    
2           4         1           44.2800     0.231557    1.771278    3.223210    
3           0         1           43.7600     0.333860    1.827521    3.073397    
3           1         1           38.8700     0.301945    1.735162    3.025607    
3           2         1           39.8900     0.364111    1.931601    2.679520    
3           3         1           42.9500     0.274405    1.637183    3.234007    
3           4         1           33.4900     0.286773    1.677467    3.366358    
4           0         1           43.1100     0.362644    1.779171    3.244533    
4           1         1           31.9400     0.356992    1.670731    3.064941    
4           2         1           48.8000     0.412396    1.906873    2.939505    
4           3         1           49.8800     0.313613    1.564550    3.375783    
4           4         1           48.1200     0.318935    1.519846    3.106346    
5           0         1           35.9000     0.375869    1.683704    3.214100    
5           1         1           46.9200     0.385176    1.609384    3.049243    
5           2         1           31.0400     0.412818    1.883804    3.110990    
5           3         1           43.1900     0.345677    1.474559    3.267410    
5           4         1           41.3300     0.355557    1.451449    3.175123    
6           0         1           47.9300     0.395941    1.651314    3.353703    
6           1         1           50.0100     0.401484    1.522598    3.139969    
6           2         1           37.1500     0.481665    1.834187    3.047137    
6           3         1           50.8200     0.354658    1.369425    3.353642    
6           4         1           51.7600     0.344484    1.362109    3.336433    
7           0         1           47.6200     0.431208    1.568189    3.204019    
7           1         1           47.5400     0.411333    1.458214    3.169915    
7           2         1           47.9300     0.474270    1.805472    3.118916    
7           3         1           49.6600     0.363593    1.282745    3.324821    
7           4         1           52.3200     0.377911    1.306719    3.279060    
8           0         1           41.6100     0.420087    1.482288    3.367800    
8           1         1           56.0900     0.409520    1.389223    3.190842    
8           2         1           44.6300     0.499091    1.740958    3.085291    
8           3         1           53.6700     0.365029    1.207855    3.314616    
8           4         1           53.6600     0.357147    1.216198    3.365154    
9           0         1           51.1600     0.421917    1.453509    3.434474    
9           1         1           51.7900     0.417891    1.313902    3.197744    
9           2         1           43.4600     0.498124    1.663048    3.152874    
9           3         1           56.2400     0.337809    1.084050    3.415320    
9           4         1           56.8400     0.357958    1.101092    3.355801    
10          0         1           55.9000     0.392786    1.313674    3.451191    
10          1         1           55.2200     0.389102    1.239734    3.290348    
10          2         1           41.1600     0.494224    1.614808    3.264135    
10          3         1           58.5500     0.328970    0.986416    3.385875    
10          4         1           61.9800     0.327505    0.981422    3.371078    
11          0         1           59.4900     0.375739    1.262379    3.573729    
11          1         1           55.0300     0.350967    1.129612    3.422911    
11          2         1           52.7100     0.463315    1.541098    3.323149    
11          3         1           62.4500     0.302712    0.867673    3.402260    
11          4         1           61.0300     0.297527    0.886932    3.448984    
12          0         1           58.8600     0.341234    1.114434    3.584165    
12          1         1           59.2700     0.336620    1.037917    3.399383    
12          2         1           54.8500     0.454020    1.469275    3.367454    
12          3         1           63.3200     0.255258    0.774102    3.527920    
12          4         1           66.0100     0.255229    0.769660    3.531978    
13          0         1           58.6500     0.321225    1.019576    3.587876    
13          1         1           61.9600     0.284660    0.915535    3.559140    
13          2         1           51.2100     0.420744    1.379254    3.565786    
13          3         1           64.8900     0.231139    0.665140    3.493935    
13          4         1           66.2600     0.225539    0.672121    3.518531    
14          0         1           58.3700     0.255750    0.854106    3.722185    
14          1         1           63.9100     0.253537    0.798460    3.527341    
14          2         1           45.8800     0.383448    1.268560    3.563887    
14          3         1           67.0300     0.191396    0.560509    3.518300    
14          4         1           66.6900     0.198388    0.580300    3.482036    
15          0         1           64.3500     0.217584    0.714384    3.717105    
15          1         1           65.8500     0.217582    0.693553    3.598320    
15          2         1           57.6500     0.316929    1.113272    3.764278    
15          3         1           68.7300     0.156950    0.462545    3.496712    
15          4         1           67.8800     0.167033    0.471652    3.488371    
16          0         1           64.7100     0.181334    0.614479    3.798465    
16          1         1           65.4000     0.183697    0.589132    3.648801    
16          2         1           61.4400     0.264604    0.953709    3.858795    
16          3         1           69.2900     0.133677    0.383523    3.492903    
16          4         1           69.4800     0.137671    0.382352    3.447325    
17          0         1           66.1900     0.139742    0.480244    3.755711    
17          1         1           66.6100     0.160338    0.496146    3.607235    
17          2         1           61.2400     0.211635    0.776876    3.933382    
17          3         1           69.5000     0.115118    0.317134    3.397557    
17          4         1           69.1500     0.113497    0.304453    3.393941    
18          0         1           65.3500     0.113194    0.387001    3.754278    
18          1         1           66.4100     0.126327    0.397222    3.626733    
18          2         1           62.6200     0.160122    0.620929    3.971787    
18          3         1           69.4900     0.092673    0.249952    3.397996    
18          4         1           69.1200     0.091944    0.241767    3.311072    
19          0         1           65.9400     0.099843    0.321963    3.708248    
19          1         1           65.3400     0.109121    0.321874    3.507802    
19          2         1           62.7700     0.135042    0.503825    3.973505    
19          3         1           69.7700     0.080762    0.201800    3.255395    
19          4         1           69.7500     0.076754    0.205417    3.320739    
20          0         1           66.9500     0.079804    0.254788    3.615112    
20          1         1           66.2800     0.088715    0.261942    3.448299    
20          2         1           63.4900     0.112878    0.407696    3.906807    
20          3         1           70.1600     0.069326    0.169358    3.234624    
20          4         1           70.1300     0.070647    0.165191    3.157855    
21          0         1           66.5600     0.071188    0.216331    3.548620    
21          1         1           65.5700     0.083652    0.214843    3.296447    
21          2         1           62.7200     0.096248    0.331986    3.790608    
21          3         1           70.1900     0.058535    0.142429    3.120845    
21          4         1           70.0200     0.058306    0.136162    3.026544    
22          0         1           66.5900     0.059980    0.177397    3.456861    
22          1         1           67.2400     0.071283    0.183035    3.258295    
22          2         1           62.7200     0.086057    0.269393    3.627927    
22          3         1           70.0800     0.055486    0.116272    3.038878    
22          4         1           69.8900     0.054947    0.119051    3.039325    
23          0         1           66.2700     0.057369    0.151181    3.333775    
23          1         1           67.1700     0.065182    0.145796    3.005337    
23          2         1           62.5400     0.077664    0.221801    3.497488    
23          3         1           69.7700     0.054246    0.098871    2.883301    
23          4         1           70.1000     0.054352    0.101031    2.876194    
24          0         1           66.3500     0.057377    0.128424    3.175765    
24          1         1           67.0300     0.060331    0.129557    2.968596    
24          2         1           63.4300     0.067543    0.186797    3.471714    
24          3         1           70.0700     0.047033    0.087691    2.823371    
24          4         1           70.2200     0.049626    0.090377    2.839615    
25          0         1           66.8500     0.046785    0.110338    3.106133    
25          1         1           67.3600     0.055405    0.112556    2.886536    
25          2         1           63.3200     0.066740    0.153662    3.173743    
25          3         1           69.7400     0.045934    0.077675    2.845536    
25          4         1           69.8300     0.047975    0.079486    2.730624    
26          0         1           66.8400     0.044601    0.101479    2.968535    
26          1         1           67.3400     0.055929    0.096049    2.700289    
26          2         1           64.0700     0.061583    0.130237    3.042622    
26          3         1           69.8700     0.047304    0.071213    2.721307    
26          4         1           69.7800     0.045663    0.072817    2.771694    
27          0         1           66.8800     0.041005    0.092309    3.096171    
27          1         1           66.9400     0.056712    0.089127    2.711946    
27          2         1           63.1700     0.055830    0.114086    2.929254    
27          3         1           69.7500     0.042169    0.066039    2.672419    
27          4         1           69.7900     0.047576    0.067177    2.704193    
28          0         1           66.7900     0.040474    0.078899    2.850098    
28          1         1           66.8700     0.051657    0.078581    2.633085    
28          2         1           63.8700     0.053713    0.104329    2.883776    
28          3         1           69.9700     0.042942    0.060147    2.647593    
28          4         1           69.6000     0.045099    0.065147    2.678363    
29          0         1           66.7400     0.040366    0.071195    2.781964    
29          1         1           67.1200     0.058028    0.071423    2.562508    
29          2         1           64.4700     0.052504    0.095778    2.889631    
29          3         1           69.7400     0.047834    0.056111    2.616307    
29          4         1           69.6400     0.045173    0.058843    2.591872    
30          0         1           67.0100     0.044013    0.064366    2.724538    
30          1         1           67.2200     0.053987    0.065544    2.511777    
30          2         1           64.1100     0.049328    0.089017    2.894933    
30          3         1           69.2900     0.042455    0.050334    2.530661    
30          4         1           69.5300     0.044578    0.055186    2.563312    
31          0         1           66.7600     0.039373    0.063348    2.757479    
31          1         1           66.6700     0.053360    0.063954    2.558577    
31          2         1           64.3900     0.056168    0.080611    2.748572    
31          3         1           69.4100     0.047038    0.048067    2.503935    
31          4         1           69.7500     0.043734    0.054578    2.628912    
32          0         1           67.2300     0.038739    0.061730    2.793522    
32          1         1           67.2700     0.052840    0.057841    2.470509    
32          2         1           64.3300     0.051063    0.076362    2.773799    
32          3         1           69.3200     0.051442    0.046105    2.412954    
32          4         1           69.4800     0.049487    0.051556    2.566714    
33          0         1           66.6000     0.043336    0.059721    2.815529    
33          1         1           67.1900     0.048647    0.057290    2.502310    
33          2         1           64.4700     0.061421    0.073642    2.804498    
33          3         1           69.3900     0.047853    0.043575    2.445676    
33          4         1           69.6700     0.049249    0.050328    2.558977    
34          0         1           66.8400     0.039235    0.055159    2.701389    
34          1         1           67.2700     0.053536    0.057139    2.553545    
34          2         1           64.2800     0.051854    0.065478    2.602403    
34          3         1           69.4900     0.052543    0.042091    2.440920    
34          4         1           69.5200     0.053426    0.049698    2.577876    
35          0         1           67.0000     0.043594    0.050490    2.635213    
35          1         1           67.3000     0.053997    0.052266    2.400719    
35          2         1           64.3600     0.059286    0.065799    2.611554    
35          3         1           69.2700     0.059871    0.042278    2.418488    
35          4         1           69.5000     0.057840    0.051067    2.630654    
36          0         1           67.0300     0.045873    0.053660    2.811331    
36          1         1           67.2300     0.060458    0.050578    2.406883    
36          2         1           64.5800     0.056526    0.067053    2.821262    
36          3         1           69.4900     0.061132    0.041208    2.430932    
36          4         1           69.4700     0.046632    0.050204    2.706021    
37          0         1           66.8100     0.036369    0.050619    2.733979    
37          1         1           67.2200     0.063720    0.052508    2.463061    
37          2         1           64.3600     0.054959    0.063011    2.765234    
37          3         1           69.3700     0.064779    0.040322    2.403503    
37          4         1           69.3400     0.046474    0.049128    2.693427    
38          0         1           66.9500     0.055323    0.049242    2.701063    
38          1         1           67.4700     0.065077    0.047742    2.404795    
38          2         1           64.7300     0.060826    0.059056    2.557196    
38          3         1           69.3400     0.056533    0.039800    2.470402    
38          4         1           69.1500     0.065790    0.048863    2.632566    
39          0         1           67.2300     0.044566    0.048302    2.772381    
39          1         1           67.0100     0.072417    0.046434    2.401829    
39          2         1           64.7100     0.059750    0.058165    2.710268    
39          3         1           69.1100     0.059209    0.040029    2.480740    
39          4         1           69.4800     0.057596    0.048067    2.737324    
40          0         1           67.0800     0.046817    0.044025    2.622236    
40          1         1           67.3100     0.065984    0.047657    2.529733    
40          2         1           64.9800     0.068447    0.057176    2.565840    
40          3         1           69.1100     0.072515    0.041263    2.564593    
40          4         1           69.1800     0.065408    0.048789    2.682343    
41          0         1           67.3100     0.033700    0.044096    2.762629    
41          1         1           66.9500     0.076989    0.044204    2.324779    
41          2         1           64.7400     0.057918    0.053808    2.716161    
41          3         1           68.8200     0.063082    0.040182    2.634071    
41          4         1           69.3300     0.058252    0.048398    2.773399    
42          0         1           66.6100     0.048310    0.044831    2.744420    
42          1         1           67.1100     0.057973    0.045347    2.505354    
42          2         1           64.9300     0.062920    0.057671    2.674144    
42          3         1           69.2200     0.073660    0.040440    2.571974    
42          4         1           69.3400     0.093586    0.047164    2.740203    
43          0         1           66.8400     0.052102    0.039339    2.628349    
43          1         1           67.4200     0.077419    0.044371    2.467296    
43          2         1           64.9200     0.058967    0.053743    2.810309    
43          3         1           69.1200     0.065462    0.040617    2.681245    
43          4         1           69.0800     0.070492    0.049142    2.835645    
44          0         1           67.1400     0.047214    0.043739    2.768480    
44          1         1           67.1900     0.069440    0.044968    2.455607    
44          2         1           65.1900     0.079534    0.055903    2.909788    
44          3         1           69.1900     0.076560    0.039931    2.610481    
44          4         1           69.2700     0.067817    0.048963    2.820748    
45          0         1           67.1000     0.042723    0.040309    2.831805    
45          1         1           67.3500     0.101208    0.045682    2.481142    
45          2         1           65.2900     0.082131    0.046706    2.626217    
45          3         1           69.1200     0.077660    0.041828    2.723456    
45          4         1           69.1700     0.064434    0.048866    2.842104    
46          0         1           67.1600     0.044607    0.038558    2.710982    
46          1         1           67.4300     0.091657    0.044563    2.563585    
46          2         1           64.8900     0.072697    0.047822    2.688722    
46          3         1           69.4600     0.112030    0.041500    2.627256    
46          4         1           69.1300     0.086388    0.049432    2.788817    
47          0         1           66.9200     0.048968    0.039217    2.712331    
47          1         1           67.4100     0.076060    0.043326    2.640680    
47          2         1           65.1900     0.057847    0.044484    2.687497    
47          3         1           69.2300     0.087167    0.041836    2.745301    
47          4         1           69.1200     0.089573    0.050560    2.955129    
48          0         1           66.9700     0.050961    0.039147    2.803942    
48          1         1           67.0900     0.087144    0.041992    2.590730    
48          2         1           64.9300     0.090929    0.046821    2.657924    
48          3         1           69.3100     0.085191    0.041065    2.761257    
48          4         1           69.0600     0.099097    0.051964    2.932918    
49          0         1           67.0100     0.072927    0.039188    2.786680    
49          1         1           67.5300     0.111114    0.040906    2.487697    
49          2         1           65.0600     0.072064    0.045443    2.602745    
49          3         1           69.2200     0.087768    0.041413    2.822480    
49          4         1           69.2300     0.108067    0.050594    3.005964    
50          0         1           67.2000     0.065068    0.038012    2.789360    
50          1         1           67.4300     0.124337    0.043087    2.529958    
50          2         1           65.0500     0.087842    0.046955    2.696661    
50          3         1           69.3400     0.121538    0.042146    2.706305    
50          4         1           69.1100     0.111942    0.051794    3.017928    
