GlobalRnd   ClientID  LocEpoch    Accuracy    LR          Loss        GradNorm    
1           0         1           84.9400     0.010000    1.683464    0.000000    
1           1         1           81.4800     0.010000    1.685348    0.000000    
1           2         1           84.2200     0.010000    1.807677    0.000000    
1           3         1           87.5900     0.010000    1.483191    0.000000    
1           4         1           86.9700     0.010000    1.502122    0.000000    
2           0         1           92.7500     0.010000    0.671498    0.000000    
2           1         1           90.4300     0.010000    0.733902    0.000000    
2           2         1           88.1100     0.010000    1.031778    0.000000    
2           3         1           91.7600     0.010000    0.357925    0.000000    
2           4         1           92.3200     0.010000    0.362093    0.000000    
3           0         1           93.9300     0.010000    0.555299    0.000000    
3           1         1           92.2600     0.010000    0.622683    0.000000    
3           2         1           91.1100     0.010000    0.939439    0.000000    
3           3         1           94.3900     0.010000    0.243522    0.000000    
3           4         1           94.2900     0.010000    0.239346    0.000000    
4           0         1           94.7100     0.010000    0.503588    0.000000    
4           1         1           94.4400     0.010000    0.574130    0.000000    
4           2         1           93.8100     0.010000    0.899809    0.000000    
4           3         1           92.9600     0.010000    0.188990    0.000000    
4           4         1           95.6700     0.010000    0.186123    0.000000    
5           0         1           95.9400     0.010000    0.470318    0.000000    
5           1         1           94.5000     0.010000    0.542329    0.000000    
5           2         1           93.5100     0.010000    0.874194    0.000000    
5           3         1           96.3500     0.010000    0.160010    0.000000    
5           4         1           96.3400     0.010000    0.152747    0.000000    
6           0         1           96.2600     0.010000    0.450917    0.000000    
6           1         1           93.4800     0.010000    0.518265    0.000000    
6           2         1           94.5800     0.010000    0.861772    0.000000    
6           3         1           96.3400     0.010000    0.137099    0.000000    
6           4         1           96.4100     0.010000    0.131518    0.000000    
7           0         1           96.3200     0.010000    0.438058    0.000000    
7           1         1           95.5600     0.010000    0.505911    0.000000    
7           2         1           95.8600     0.010000    0.848723    0.000000    
7           3         1           97.3000     0.010000    0.123415    0.000000    
7           4         1           96.3200     0.010000    0.116952    0.000000    
8           0         1           96.5700     0.010000    0.426596    0.000000    
8           1         1           95.3600     0.010000    0.491917    0.000000    
8           2         1           95.0400     0.010000    0.838711    0.000000    
8           3         1           97.2300     0.010000    0.110973    0.000000    
8           4         1           97.0300     0.010000    0.108535    0.000000    
9           0         1           96.6800     0.010000    0.415792    0.000000    
9           1         1           95.9200     0.010000    0.483368    0.000000    
9           2         1           95.5000     0.010000    0.833814    0.000000    
9           3         1           97.0700     0.010000    0.101991    0.000000    
9           4         1           97.2600     0.010000    0.099207    0.000000    
10          0         1           96.9000     0.010000    0.408718    0.000000    
10          1         1           96.8800     0.010000    0.475968    0.000000    
10          2         1           96.0200     0.010000    0.827997    0.000000    
10          3         1           97.4400     0.010000    0.095395    0.000000    
10          4         1           97.5600     0.010000    0.092778    0.000000    
11          0         1           97.1200     0.010000    0.402783    0.000000    
11          1         1           96.2700     0.010000    0.467203    0.000000    
11          2         1           95.6100     0.010000    0.820648    0.000000    
11          3         1           97.5000     0.010000    0.089340    0.000000    
11          4         1           97.8100     0.010000    0.085298    0.000000    
12          0         1           96.9500     0.010000    0.397410    0.000000    
12          1         1           96.8700     0.010000    0.460154    0.000000    
12          2         1           96.7700     0.010000    0.813881    0.000000    
12          3         1           97.5900     0.010000    0.085029    0.000000    
12          4         1           97.2700     0.010000    0.080171    0.000000    
13          0         1           97.5900     0.010000    0.392563    0.000000    
13          1         1           97.4900     0.010000    0.452775    0.000000    
13          2         1           96.1000     0.010000    0.811466    0.000000    
13          3         1           97.7600     0.010000    0.079921    0.000000    
13          4         1           97.9300     0.010000    0.075884    0.000000    
14          0         1           96.8300     0.010000    0.388870    0.000000    
14          1         1           96.9000     0.010000    0.451728    0.000000    
14          2         1           96.8700     0.010000    0.811787    0.000000    
14          3         1           97.5500     0.010000    0.076204    0.000000    
14          4         1           97.9700     0.010000    0.072209    0.000000    
15          0         1           97.3800     0.010000    0.385191    0.000000    
15          1         1           97.3400     0.010000    0.444893    0.000000    
15          2         1           96.5800     0.010000    0.806360    0.000000    
15          3         1           97.9100     0.010000    0.073381    0.000000    
15          4         1           98.0300     0.010000    0.068619    0.000000    
16          0         1           97.3600     0.010000    0.382782    0.000000    
16          1         1           97.1300     0.010000    0.440631    0.000000    
16          2         1           96.7100     0.010000    0.802158    0.000000    
16          3         1           97.8100     0.010000    0.067923    0.000000    
16          4         1           97.5800     0.010000    0.065611    0.000000    
17          0         1           97.6600     0.010000    0.378369    0.000000    
17          1         1           97.1900     0.010000    0.435049    0.000000    
17          2         1           97.2200     0.010000    0.798141    0.000000    
17          3         1           98.1000     0.010000    0.065525    0.000000    
17          4         1           97.9100     0.010000    0.061219    0.000000    
18          0         1           97.6800     0.010000    0.375809    0.000000    
18          1         1           95.3400     0.010000    0.434276    0.000000    
18          2         1           96.2400     0.010000    0.796140    0.000000    
18          3         1           98.1600     0.010000    0.063109    0.000000    
18          4         1           98.1800     0.010000    0.059432    0.000000    
19          0         1           98.1100     0.010000    0.372703    0.000000    
19          1         1           97.1500     0.010000    0.432063    0.000000    
19          2         1           95.0000     0.010000    0.793035    0.000000    
19          3         1           98.1500     0.010000    0.059836    0.000000    
19          4         1           97.8100     0.010000    0.057739    0.000000    
20          0         1           97.8000     0.010000    0.369246    0.000000    
20          1         1           96.3500     0.010000    0.426472    0.000000    
20          2         1           94.6200     0.010000    0.791326    0.000000    
20          3         1           98.0900     0.010000    0.058495    0.000000    
20          4         1           97.9100     0.010000    0.055715    0.000000    
21          0         1           98.0500     0.010000    0.367905    0.000000    
21          1         1           95.6300     0.010000    0.423185    0.000000    
21          2         1           96.8400     0.010000    0.790000    0.000000    
21          3         1           98.2600     0.010000    0.055895    0.000000    
21          4         1           98.2600     0.010000    0.053086    0.000000    
22          0         1           97.4900     0.010000    0.366935    0.000000    
22          1         1           97.3700     0.010000    0.424353    0.000000    
22          2         1           97.2200     0.010000    0.788478    0.000000    
22          3         1           98.1800     0.010000    0.055013    0.000000    
22          4         1           98.2000     0.010000    0.050786    0.000000    
23          0         1           98.2700     0.010000    0.363706    0.000000    
23          1         1           97.5400     0.010000    0.420302    0.000000    
23          2         1           97.3700     0.010000    0.782636    0.000000    
23          3         1           98.3800     0.010000    0.054330    0.000000    
23          4         1           98.3100     0.010000    0.049484    0.000000    
24          0         1           96.2400     0.010000    0.361721    0.000000    
24          1         1           96.8300     0.010000    0.417738    0.000000    
24          2         1           96.8600     0.010000    0.781640    0.000000    
24          3         1           98.4300     0.010000    0.052360    0.000000    
24          4         1           98.2600     0.010000    0.047608    0.000000    
25          0         1           97.4900     0.010000    0.359477    0.000000    
25          1         1           97.4500     0.010000    0.418088    0.000000    
25          2         1           96.4400     0.010000    0.781750    0.000000    
25          3         1           98.4500     0.010000    0.049880    0.000000    
25          4         1           98.2700     0.010000    0.046613    0.000000    
26          0         1           98.0700     0.010000    0.358041    0.000000    
26          1         1           97.9100     0.010000    0.413731    0.000000    
26          2         1           96.9500     0.010000    0.778233    0.000000    
26          3         1           98.3600     0.010000    0.048334    0.000000    
26          4         1           98.4300     0.010000    0.045170    0.000000    
27          0         1           97.5500     0.010000    0.354823    0.000000    
27          1         1           97.3500     0.010000    0.411906    0.000000    
27          2         1           96.9300     0.010000    0.776820    0.000000    
27          3         1           98.6200     0.010000    0.046257    0.000000    
27          4         1           98.6400     0.010000    0.044655    0.000000    
28          0         1           98.0900     0.010000    0.354011    0.000000    
28          1         1           97.5000     0.010000    0.409073    0.000000    
28          2         1           97.0100     0.010000    0.776420    0.000000    
28          3         1           98.4900     0.010000    0.045211    0.000000    
28          4         1           98.2700     0.010000    0.042586    0.000000    
29          0         1           97.2500     0.010000    0.352185    0.000000    
29          1         1           96.9600     0.010000    0.409799    0.000000    
29          2         1           96.4900     0.010000    0.774791    0.000000    
29          3         1           98.4200     0.010000    0.043948    0.000000    
29          4         1           98.5800     0.010000    0.039840    0.000000    
30          0         1           98.0100     0.010000    0.349751    0.000000    
30          1         1           97.6400     0.010000    0.406059    0.000000    
30          2         1           97.5100     0.010000    0.774140    0.000000    
30          3         1           98.5300     0.010000    0.043145    0.000000    
30          4         1           98.3100     0.010000    0.041270    0.000000    
31          0         1           98.3500     0.010000    0.350404    0.000000    
31          1         1           97.3200     0.010000    0.404696    0.000000    
31          2         1           95.9900     0.010000    0.770858    0.000000    
31          3         1           98.6300     0.010000    0.040297    0.000000    
31          4         1           98.6000     0.010000    0.039079    0.000000    
32          0         1           97.8400     0.010000    0.349205    0.000000    
32          1         1           98.0600     0.010000    0.403549    0.000000    
32          2         1           97.4800     0.010000    0.769992    0.000000    
32          3         1           98.5600     0.010000    0.039949    0.000000    
32          4         1           98.5000     0.010000    0.039000    0.000000    
33          0         1           98.0200     0.010000    0.347687    0.000000    
33          1         1           96.9500     0.010000    0.401736    0.000000    
33          2         1           97.2900     0.010000    0.769947    0.000000    
33          3         1           98.6300     0.010000    0.039564    0.000000    
33          4         1           98.2100     0.010000    0.037104    0.000000    
34          0         1           98.3500     0.010000    0.346829    0.000000    
34          1         1           97.6400     0.010000    0.400555    0.000000    
34          2         1           97.1700     0.010000    0.765799    0.000000    
34          3         1           98.5000     0.010000    0.037244    0.000000    
34          4         1           98.8300     0.010000    0.035790    0.000000    
35          0         1           97.9500     0.010000    0.343060    0.000000    
35          1         1           97.7500     0.010000    0.399132    0.000000    
35          2         1           97.1000     0.010000    0.767292    0.000000    
35          3         1           98.6800     0.010000    0.037725    0.000000    
35          4         1           98.6400     0.010000    0.035049    0.000000    
36          0         1           98.1700     0.010000    0.341533    0.000000    
36          1         1           97.4400     0.010000    0.396231    0.000000    
36          2         1           96.8300     0.010000    0.765746    0.000000    
36          3         1           98.6200     0.010000    0.035782    0.000000    
36          4         1           98.4100     0.010000    0.034021    0.000000    
37          0         1           98.4800     0.010000    0.341546    0.000000    
37          1         1           97.5400     0.010000    0.398147    0.000000    
37          2         1           96.3600     0.010000    0.762932    0.000000    
37          3         1           98.5600     0.010000    0.036143    0.000000    
37          4         1           98.5100     0.010000    0.033412    0.000000    
38          0         1           98.2000     0.010000    0.341453    0.000000    
38          1         1           97.2300     0.010000    0.394871    0.000000    
38          2         1           97.5300     0.010000    0.761008    0.000000    
38          3         1           98.5700     0.010000    0.034718    0.000000    
38          4         1           98.6300     0.010000    0.033390    0.000000    
39          0         1           98.5300     0.010000    0.340279    0.000000    
39          1         1           97.5900     0.010000    0.395381    0.000000    
39          2         1           97.0200     0.010000    0.761758    0.000000    
39          3         1           98.6900     0.010000    0.034618    0.000000    
39          4         1           98.3000     0.010000    0.031269    0.000000    
40          0         1           98.5200     0.010000    0.336596    0.000000    
40          1         1           98.1000     0.010000    0.391965    0.000000    
40          2         1           97.5600     0.010000    0.759405    0.000000    
40          3         1           98.8400     0.010000    0.033479    0.000000    
40          4         1           98.5700     0.010000    0.031303    0.000000    
41          0         1           98.5900     0.010000    0.337664    0.000000    
41          1         1           98.0900     0.010000    0.391731    0.000000    
41          2         1           97.3200     0.010000    0.758908    0.000000    
41          3         1           98.7600     0.010000    0.032856    0.000000    
41          4         1           98.5900     0.010000    0.031444    0.000000    
42          0         1           98.1400     0.010000    0.336756    0.000000    
42          1         1           98.1800     0.010000    0.390863    0.000000    
42          2         1           97.1200     0.010000    0.757728    0.000000    
42          3         1           98.7200     0.010000    0.032344    0.000000    
42          4         1           98.7100     0.010000    0.030613    0.000000    
43          0         1           98.1300     0.010000    0.332960    0.000000    
43          1         1           97.4900     0.010000    0.391762    0.000000    
43          2         1           97.4900     0.010000    0.753925    0.000000    
43          3         1           98.7400     0.010000    0.031350    0.000000    
43          4         1           98.6300     0.010000    0.029303    0.000000    
44          0         1           98.3700     0.010000    0.334470    0.000000    
44          1         1           97.8000     0.010000    0.389321    0.000000    
44          2         1           97.3900     0.010000    0.755310    0.000000    
44          3         1           98.3900     0.010000    0.030468    0.000000    
44          4         1           98.8100     0.010000    0.029165    0.000000    
45          0         1           98.3800     0.010000    0.331358    0.000000    
45          1         1           97.8800     0.010000    0.387940    0.000000    
45          2         1           97.8100     0.010000    0.752161    0.000000    
45          3         1           98.7700     0.010000    0.030566    0.000000    
45          4         1           98.6600     0.010000    0.028567    0.000000    
46          0         1           98.4200     0.010000    0.333112    0.000000    
46          1         1           98.1400     0.010000    0.386647    0.000000    
46          2         1           97.6100     0.010000    0.753187    0.000000    
46          3         1           98.7900     0.010000    0.028361    0.000000    
46          4         1           98.7400     0.010000    0.028100    0.000000    
47          0         1           98.3900     0.010000    0.331304    0.000000    
47          1         1           98.1800     0.010000    0.385227    0.000000    
47          2         1           97.4500     0.010000    0.751150    0.000000    
47          3         1           98.7600     0.010000    0.028611    0.000000    
47          4         1           98.7100     0.010000    0.027647    0.000000    
48          0         1           97.1400     0.010000    0.330921    0.000000    
48          1         1           97.1400     0.010000    0.385513    0.000000    
48          2         1           96.5800     0.010000    0.747971    0.000000    
48          3         1           98.7100     0.010000    0.027682    0.000000    
48          4         1           98.9100     0.010000    0.027660    0.000000    
49          0         1           98.5000     0.010000    0.328407    0.000000    
49          1         1           98.3000     0.010000    0.385577    0.000000    
49          2         1           96.1600     0.010000    0.751089    0.000000    
49          3         1           98.8100     0.010000    0.027435    0.000000    
49          4         1           98.9500     0.010000    0.026376    0.000000    
50          0         1           97.8100     0.010000    0.330223    0.000000    
50          1         1           97.9600     0.010000    0.383102    0.000000    
50          2         1           97.6000     0.010000    0.752475    0.000000    
50          3         1           98.7800     0.010000    0.026774    0.000000    
50          4         1           98.8500     0.010000    0.026344    0.000000    
