GlobalRnd ClientID LocEpoch   Accuracy         LR       Loss   GradNorm
       1        0        1    89.0286   0.059307   0.619144   0.000000
       1        0        2    87.4964   0.142561   0.213519   0.000000
       1        1        1    77.7561   0.013508   0.794952   0.000000
       1        1        2    90.9872   0.023581   0.345780   0.000000
       1        2        1    91.1662   0.031955   0.719339   0.000000
       1        2        2    92.6856   0.041386   0.283628   0.000000
       1        3        1    89.6561   0.020199   0.777913   0.000000
       1        3        2    94.1105   0.029528   0.255259   0.000000
       1        4        1    84.7658   0.034336   0.881647   0.000000
       1        4        2    88.0094   0.085328   0.317710   0.000000
       2        0        1    95.6996   0.059307   0.349171   0.000000
       2        0        2    95.6129   0.142561   0.160843   0.000000
       2        1        1    94.2584   0.024121   0.361251   0.000000
       2        1        2    96.2797   0.023581   0.170756   0.000000
       2        2        1    93.3221   0.031955   0.359877   0.000000
       2        2        2    95.5381   0.073903   0.160756   0.000000
       2        3        1    95.9556   0.020199   0.306399   0.000000
       2        3        2    96.9434   0.029528   0.137734   0.000000
       2        4        1    93.1733   0.061314   0.345205   0.000000
       2        4        2    96.5105   0.047784   0.161719   0.000000
       3        0        1    96.4947   0.105906   0.174887   0.000000
       3        0        2    97.7812   0.079834   0.136173   0.000000
       3        1        1    96.7093   0.043072   0.154587   0.000000
       3        1        2    96.7581   0.042108   0.108374   0.000000
       3        2        1    97.0394   0.057062   0.184440   0.000000
       3        2        2    97.3937   0.041386   0.115730   0.000000
       3        3        1    97.1205   0.064409   0.126568   0.000000
       3        3        2    98.1549   0.029528   0.093227   0.000000
       3        4        1    96.9321   0.061314   0.143219   0.000000
       3        4        2    98.0211   0.085328   0.109018   0.000000
       4        0        1    97.5282   0.105906   0.118734   0.000000
       4        0        2    96.6392   0.142561   0.102121   0.000000
       4        1        1    97.3440   0.076915   0.112390   0.000000
       4        1        2    98.0666   0.075194   0.083206   0.000000
       4        2        1    97.6339   0.057062   0.120512   0.000000
       4        2        2    98.1624   0.073903   0.086507   0.000000
       4        3        1    98.1456   0.115016   0.082404   0.000000
       4        3        2    98.3692   0.094159   0.063995   0.000000
       4        4        1    97.9742   0.109490   0.099610   0.000000
       4        4        2    97.1077   0.152372   0.080554   0.000000
       5        0        1    97.6872   0.105906   0.112179   0.000000
       5        0        2    98.3521   0.254573   0.087349   0.000000
       5        1        1    97.2659   0.076915   0.097079   0.000000
       5        1        2    97.5002   0.134275   0.068751   0.000000
       5        2        1    97.7180   0.181958   0.100872   0.000000
       5        2        2    97.9282   0.131970   0.071362   0.000000
       5        3        1    97.1857   0.064409   0.065942   0.000000
       5        3        2    95.0704   0.094159   0.052316   0.000000
       5        4        1    98.4778   0.195517   0.078201   0.000000
       5        4        2    97.9391   0.085328   0.074461   0.000000
       6        0        1    97.9112   0.189118   0.095792   0.000000
       6        0        2    98.2003   0.142561   0.068227   0.000000
       6        1        1    98.3302   0.076915   0.077388   0.000000
       6        1        2    97.0218   0.075194   0.059223   0.000000
       6        2        1    97.6159   0.181958   0.089733   0.000000
       6        2        2    98.5227   0.235660   0.062067   0.000000
       6        3        1    98.1922   0.064409   0.056987   0.000000
       6        3        2    97.0180   0.052729   0.052061   0.000000
       6        4        1    98.7939   0.109490   0.053353   0.000000
       6        4        2    98.1733   0.152372   0.058068   0.000000
       7        0        1    96.9861   0.189118   0.068492   0.000000
       7        0        2    98.4244   0.142561   0.062597   0.000000
       7        1        1    98.7013   0.137348   0.059239   0.000000
       7        1        2    98.9064   0.134275   0.052593   0.000000
       7        2        1    95.0156   0.057062   0.074482   0.000000
       7        2        2    98.9731   0.131970   0.060396   0.000000
       7        3        1    98.4997   0.115016   0.041940   0.000000
       7        3        2    99.1893   0.168141   0.035512   0.000000
       7        4        1    98.8759   0.195517   0.059026   0.000000
       7        4        2    99.1101   0.152372   0.041401   0.000000
       8        0        1    98.5979   0.189118   0.064190   0.000000
       8        0        2    98.9014   0.254573   0.051823   0.000000
       8        1        1    98.8575   0.137348   0.058674   0.000000
       8        1        2    98.9454   0.134275   0.040363   0.000000
       8        2        1    98.1264   0.101896   0.059577   0.000000
       8        2        2    98.9671   0.131970   0.048733   0.000000
       8        3        1    99.1240   0.115016   0.036746   0.000000
       8        3        2    99.2918   0.094159   0.038321   0.000000
       8        4        1    98.8759   0.109490   0.045118   0.000000
       8        4        2    99.1686   0.152372   0.038824   0.000000
       9        0        1    98.8436   0.189118   0.055358   0.000000
       9        0        2    98.8725   0.079834   0.049959   0.000000
       9        1        1    98.7013   0.137348   0.046420   0.000000
       9        1        2    99.2188   0.134275   0.038937   0.000000
       9        2        1    98.9911   0.101896   0.050343   0.000000
       9        2        2    98.8470   0.131970   0.041854   0.000000
       9        3        1    99.3384   0.115016   0.033139   0.000000
       9        3        2    99.3663   0.094159   0.024189   0.000000
       9        4        1    99.0749   0.195517   0.040634   0.000000
       9        4        2    99.2155   0.152372   0.040014   0.000000
      10        0        1    99.0171   0.189118   0.056359   0.000000
      10        0        2    98.7785   0.142561   0.043887   0.000000
      10        1        1    98.8087   0.245265   0.041065   0.000000
      10        1        2    98.9649   0.134275   0.032218   0.000000
      10        2        1    99.0031   0.101896   0.050230   0.000000
      10        2        2    99.0271   0.131970   0.038896   0.000000
      10        3        1    99.4688   0.205386   0.036085   0.000000
      10        3        2    97.6330   0.168141   0.023277   0.000000
      10        4        1    98.9344   0.109490   0.042592   0.000000
      10        4        2    99.2389   0.272092   0.029773   0.000000
      11        0        1    99.0171   0.189118   0.048820   0.000000
      11        0        2    98.9809   0.254573   0.036459   0.000000
      11        1        1    99.0431   0.076915   0.047025   0.000000
      11        1        2    99.1798   0.134275   0.030021   0.000000
      11        2        1    98.8650   0.181958   0.041372   0.000000
      11        2        2    99.0812   0.235660   0.030479   0.000000
      11        3        1    98.8258   0.115016   0.030953   0.000000
      11        3        2    99.1334   0.168141   0.024053   0.000000
      11        4        1    98.9461   0.349138   0.038330   0.000000
      11        4        2    99.2623   0.085328   0.025360   0.000000
      12        0        1    98.3449   0.189118   0.040314   0.000000
      12        0        2    99.2917   0.079834   0.032331   0.000000
      12        1        1    99.2188   0.137348   0.044825   0.000000
      12        1        2    99.0626   0.134275   0.035125   0.000000
      12        2        1    99.0151   0.181958   0.040139   0.000000
      12        2        2    98.4506   0.131970   0.031654   0.000000
      12        3        1    99.3197   0.115016   0.034691   0.000000
      12        3        2    99.4688   0.168141   0.022575   0.000000
      12        4        1    99.2506   0.109490   0.026989   0.000000
      12        4        2    99.4379   0.272092   0.028861   0.000000
      13        0        1    98.8508   0.189118   0.038849   0.000000
      13        0        2    99.0098   0.142561   0.030319   0.000000
      13        1        1    99.2091   0.137348   0.039509   0.000000
      13        1        2    99.2481   0.134275   0.027198   0.000000
      13        2        1    98.7449   0.181958   0.039951   0.000000
      13        2        2    99.2674   0.131970   0.024898   0.000000
      13        3        1    99.5900   0.205386   0.022106   0.000000
      13        3        2    99.6366   0.536164   0.019614   0.000000
      13        4        1    99.4262   0.109490   0.029212   0.000000
      13        4        2    99.4145   0.152372   0.026632   0.000000
      14        0        1    99.3062   0.105906   0.031668   0.000000
      14        0        2    99.4363   0.142561   0.024219   0.000000
      14        1        1    99.3067   0.137348   0.033158   0.000000
      14        1        2    99.3555   0.134275   0.026442   0.000000
      14        2        1    99.2193   0.181958   0.032716   0.000000
      14        2        2    99.4235   0.235660   0.027762   0.000000
      14        3        1    99.6272   0.366760   0.021148   0.000000
      14        3        2    99.5620   0.300252   0.017289   0.000000
      14        4        1    99.2857   0.195517   0.028011   0.000000
      14        4        2    99.0281   0.152372   0.029100   0.000000
      15        0        1    99.3929   0.105906   0.032857   0.000000
      15        0        2    99.5447   0.142561   0.028794   0.000000
      15        1        1    99.1798   0.076915   0.035232   0.000000
      15        1        2    99.1407   0.075194   0.024953   0.000000
      15        2        1    99.2854   0.181958   0.030429   0.000000
      15        2        2    99.3094   0.131970   0.025494   0.000000
      15        3        1    99.4129   0.205386   0.022374   0.000000
      15        3        2    99.4316   0.094159   0.019725   0.000000
      15        4        1    99.1569   0.195517   0.025456   0.000000
      15        4        2    99.3326   0.152372   0.028017   0.000000
      16        0        1    99.2989   0.105906   0.029034   0.000000
      16        0        2    99.4435   0.142561   0.026459   0.000000
      16        1        1    99.4239   0.137348   0.032400   0.000000
      16        1        2    99.4727   0.134275   0.021957   0.000000
      16        2        1    99.4475   0.101896   0.024315   0.000000
      16        2        2    99.4595   0.131970   0.019852   0.000000
      16        3        1    99.3943   0.115016   0.022622   0.000000
      16        3        2    99.6366   0.300252   0.014710   0.000000
      16        4        1    98.9227   0.195517   0.028864   0.000000
      16        4        2    99.5550   0.152372   0.024888   0.000000
      17        0        1    99.4435   0.105906   0.027808   0.000000
      17        0        2    99.4001   0.142561   0.029209   0.000000
      17        1        1    98.6818   0.076915   0.030890   0.000000
      17        1        2    99.3360   0.134275   0.016956   0.000000
      17        2        1    98.9671   0.101896   0.030208   0.000000
      17        2        2    99.4715   0.420822   0.021438   0.000000
      17        3        1    99.6459   0.366760   0.022920   0.000000
      17        3        2    99.5900   0.300252   0.016195   0.000000
      17        4        1    99.4028   0.349138   0.020057   0.000000
      17        4        2    99.4848   0.152372   0.018779   0.000000
      18        0        1    99.4073   0.059307   0.032680   0.000000
      18        0        2    99.4001   0.142561   0.022933   0.000000
      18        1        1    99.4044   0.137348   0.025712   0.000000
      18        1        2    99.5313   0.134275   0.020743   0.000000
      18        2        1    99.3214   0.101896   0.024588   0.000000
      18        2        2    99.6517   0.131970   0.023162   0.000000
      18        3        1    99.6552   0.366760   0.017540   0.000000
      18        3        2    99.6179   0.168141   0.018111   0.000000
      18        4        1    99.3326   0.195517   0.022580   0.000000
      18        4        2    99.3560   0.085328   0.025976   0.000000
      19        0        1    99.5085   0.105906   0.022502   0.000000
      19        0        2    99.5230   0.142561   0.018655   0.000000
      19        1        1    99.1700   0.245265   0.023199   0.000000
      19        1        2    99.4825   0.134275   0.019908   0.000000
      19        2        1    99.4896   0.181958   0.028406   0.000000
      19        2        2    99.6277   0.131970   0.019620   0.000000
      19        3        1    99.5993   0.205386   0.020148   0.000000
      19        3        2    99.5713   0.094159   0.014921   0.000000
      19        4        1    99.5550   0.109490   0.025625   0.000000
      19        4        2    99.5902   0.152372   0.023251   0.000000
      20        0        1    99.5736   0.105906   0.024239   0.000000
      20        0        2    99.6314   0.142561   0.018403   0.000000
      20        1        1    99.2676   0.137348   0.025141   0.000000
      20        1        2    99.4336   0.134275   0.021125   0.000000
      20        2        1    99.5376   0.181958   0.023389   0.000000
      20        2        2    99.5616   0.131970   0.014139   0.000000
      20        3        1    99.4875   0.115016   0.021429   0.000000
      20        3        2    99.6738   0.094159   0.019883   0.000000
      20        4        1    99.3560   0.195517   0.031962   0.000000
      20        4        2    99.6253   0.152372   0.018602   0.000000
      21        0        1    99.4146   0.189118   0.021801   0.000000
      21        0        2    99.4073   0.142561   0.018107   0.000000
      21        1        1    99.4629   0.245265   0.024399   0.000000
      21        1        2    99.1700   0.134275   0.018601   0.000000
      21        2        1    99.5076   0.181958   0.021414   0.000000
      21        2        2    99.5976   0.235660   0.017544   0.000000
      21        3        1    99.6925   0.205386   0.016335   0.000000
      21        3        2    99.6738   0.536164   0.015637   0.000000
      21        4        1    99.4965   0.109490   0.022407   0.000000
      21        4        2    99.6487   0.152372   0.015181   0.000000
      22        0        1    99.0604   0.059307   0.022727   0.000000
      22        0        2    99.4073   0.142561   0.019770   0.000000
      22        1        1    99.2774   0.076915   0.021362   0.000000
      22        1        2    98.7404   0.075194   0.018351   0.000000
      22        2        1    99.4715   0.181958   0.027046   0.000000
      22        2        2    99.5916   0.073903   0.013840   0.000000
      22        3        1    99.6645   0.064409   0.017673   0.000000
      22        3        2    99.6925   0.300252   0.012767   0.000000
      22        4        1    99.4145   0.109490   0.021616   0.000000
      22        4        2    99.4145   0.152372   0.019461   0.000000
      23        0        1    99.5302   0.189118   0.024158   0.000000
      23        0        2    99.5736   0.079834   0.015632   0.000000
      23        1        1    99.5118   0.076915   0.018849   0.000000
      23        1        2    99.5313   0.075194   0.016928   0.000000
      23        2        1    99.5916   0.181958   0.019132   0.000000
      23        2        2    99.6217   0.131970   0.015633   0.000000
      23        3        1    99.5620   0.115016   0.020317   0.000000
      23        3        2    99.5620   0.094159   0.015150   0.000000
      23        4        1    99.6370   0.195517   0.016906   0.000000
      23        4        2    99.4965   0.272092   0.014103   0.000000
      24        0        1    99.4579   0.105906   0.021398   0.000000
      24        0        2    99.0966   0.079834   0.015363   0.000000
      24        1        1    99.2091   0.137348   0.019856   0.000000
      24        1        2    99.5118   0.134275   0.019852   0.000000
      24        2        1    99.5316   0.181958   0.016351   0.000000
      24        2        2    99.5856   0.131970   0.014729   0.000000
      24        3        1    99.6272   0.205386   0.020517   0.000000
      24        3        2    99.6459   0.300252   0.016887   0.000000
      24        4        1    99.4731   0.109490   0.022792   0.000000
      24        4        2    99.6838   0.272092   0.012245   0.000000
      25        0        1    99.5447   0.337711   0.016416   0.000000
      25        0        2    99.6386   0.079834   0.014926   0.000000
      25        1        1    99.4629   0.076915   0.017159   0.000000
      25        1        2    99.6387   0.075194   0.017435   0.000000
      25        2        1    99.5976   0.181958   0.017692   0.000000
      25        2        2    99.4715   0.073903   0.012025   0.000000
      25        3        1    99.4875   0.205386   0.024482   0.000000
      25        3        2    99.6738   0.536164   0.014047   0.000000
      25        4        1    99.5082   0.349138   0.017045   0.000000
      25        4        2    99.6253   0.272092   0.014823   0.000000
      26        0        1    99.6097   0.105906   0.017463   0.000000
      26        0        2    98.4172   0.079834   0.020687   0.000000
      26        1        1    99.4336   0.076915   0.018831   0.000000
      26        1        2    99.5313   0.428171   0.015010   0.000000
      26        2        1    99.1352   0.101896   0.017956   0.000000
      26        2        2    99.6217   0.073903   0.013043   0.000000
      26        3        1    99.6366   0.115016   0.020039   0.000000
      26        3        2    99.6272   0.536164   0.012195   0.000000
      26        4        1    99.5550   0.195517   0.026586   0.000000
      26        4        2    99.6019   0.272092   0.011116   0.000000
      27        0        1    99.6169   0.105906   0.019364   0.000000
      27        0        2    99.6459   0.142561   0.014399   0.000000
      27        1        1    99.4825   0.076915   0.024324   0.000000
      27        1        2    99.6192   0.134275   0.017568   0.000000
      27        2        1    99.5556   0.057062   0.016807   0.000000
      27        2        2    99.6277   0.235660   0.015445   0.000000
      27        3        1    99.6925   0.205386   0.016632   0.000000
      27        3        2    99.6925   0.536164   0.014077   0.000000
      27        4        1    99.6019   0.195517   0.015914   0.000000
      27        4        2    99.6136   0.152372   0.011987   0.000000
      28        0        1    98.5256   0.189118   0.021870   0.000000
      28        0        2    99.6748   0.142561   0.012250   0.000000
      28        1        1    99.4532   0.437973   0.022738   0.000000
      28        1        2    99.6680   0.134275   0.013970   0.000000
      28        2        1    99.5676   0.324924   0.018253   0.000000
      28        2        2    99.7057   0.131970   0.013530   0.000000
      28        3        1    99.6832   0.205386   0.013621   0.000000
      28        3        2    99.6738   0.300252   0.012239   0.000000
      28        4        1    99.5082   0.195517   0.013115   0.000000
      28        4        2    99.5667   0.272092   0.012585   0.000000
      29        0        1    99.6242   0.105906   0.015174   0.000000
      29        0        2    99.6169   0.142561   0.012153   0.000000
      29        1        1    99.3458   0.137348   0.019521   0.000000
      29        1        2    98.6720   0.075194   0.017218   0.000000
      29        2        1    99.6277   0.181958   0.014925   0.000000
      29        2        2    99.6397   0.073903   0.014435   0.000000
      29        3        1    99.5807   0.115016   0.015766   0.000000
      29        3        2    99.6738   0.168141   0.012913   0.000000
      29        4        1    99.5667   0.195517   0.013618   0.000000
      29        4        2    99.6487   0.272092   0.013204   0.000000
      30        0        1    99.6386   0.105906   0.015930   0.000000
      30        0        2    99.5591   0.142561   0.013184   0.000000
      30        1        1    99.5215   0.076915   0.017655   0.000000
      30        1        2    99.6192   0.239776   0.015709   0.000000
      30        2        1    99.6457   0.324924   0.017721   0.000000
      30        2        2    99.6757   0.131970   0.009194   0.000000
      30        3        1    99.6366   0.654929   0.016371   0.000000
      30        3        2    99.6738   0.536164   0.011602   0.000000
      30        4        1    99.5550   0.195517   0.015204   0.000000
      30        4        2    99.6604   0.152372   0.015885   0.000000
      31        0        1    99.5808   0.105906   0.016001   0.000000
      31        0        2    99.6097   0.254573   0.015335   0.000000
      31        1        1    99.6192   0.076915   0.015442   0.000000
      31        1        2    99.6094   0.134275   0.012216   0.000000
      31        2        1    99.6157   0.101896   0.012621   0.000000
      31        2        2    99.6577   0.420822   0.013513   0.000000
      31        3        1    99.6366   1.169515   0.014857   0.000000
      31        3        2    99.6645   0.168141   0.012604   0.000000
      31        4        1    99.6487   0.061314   0.019765   0.000000
      31        4        2    99.6370   0.152372   0.011690   0.000000
      32        0        1    99.6964   0.189118   0.016268   0.000000
      32        0        2    99.6242   0.079834   0.014472   0.000000
      32        1        1    99.6387   0.076915   0.014221   0.000000
      32        1        2    99.6778   0.134275   0.010801   0.000000
      32        2        1    99.7057   0.101896   0.017821   0.000000
      32        2        2    99.6277   0.420822   0.010809   0.000000
      32        3        1    99.3477   0.115016   0.017284   0.000000
      32        3        2    99.1799   0.094159   0.015504   0.000000
      32        4        1    99.5433   0.109490   0.016081   0.000000
      32        4        2    99.5785   0.085328   0.013309   0.000000
      33        0        1    99.5085   0.105906   0.015725   0.000000
      33        0        2    99.5663   0.142561   0.015362   0.000000
      33        1        1    99.5313   0.076915   0.020885   0.000000
      33        1        2    99.5020   0.042108   0.014099   0.000000
      33        2        1    99.6937   0.181958   0.013044   0.000000
      33        2        2    99.6277   0.235660   0.010071   0.000000
      33        3        1    99.6645   0.205386   0.014934   0.000000
      33        3        2    99.6645   0.536164   0.011111   0.000000
      33        4        1    99.4496   0.349138   0.014004   0.000000
      33        4        2    99.6721   0.085328   0.018097   0.000000
      34        0        1    99.2772   0.105906   0.014629   0.000000
      34        0        2    99.6531   0.811776   0.012113   0.000000
      34        1        1    99.5411   0.137348   0.021074   0.000000
      34        1        2    99.6973   0.239776   0.010606   0.000000
      34        2        1    99.6997   0.101896   0.014022   0.000000
      34        2        2    99.6637   0.131970   0.010933   0.000000
      34        3        1    99.1334   0.115016   0.014975   0.000000
      34        3        2    99.7484   0.300252   0.017623   0.000000
      34        4        1    99.5550   0.109490   0.014005   0.000000
      34        4        2    99.6136   0.085328   0.011925   0.000000
      35        0        1    99.6025   0.189118   0.016678   0.000000
      35        0        2    99.6531   0.079834   0.010782   0.000000
      35        1        1    99.5313   0.076915   0.019663   0.000000
      35        1        2    99.6094   0.134275   0.014147   0.000000
      35        2        1    99.6577   0.181958   0.014773   0.000000
      35        2        2    99.7238   0.235660   0.010048   0.000000
      35        3        1    99.6552   0.654929   0.013394   0.000000
      35        3        2    99.5900   0.300252   0.013881   0.000000
      35        4        1    99.5550   0.349138   0.016447   0.000000
      35        4        2    99.5902   0.272092   0.013072   0.000000
      36        0        1    99.6675   0.337711   0.014455   0.000000
      36        0        2    99.7109   0.254573   0.012001   0.000000
      36        1        1    99.6289   0.137348   0.016507   0.000000
      36        1        2    99.5801   0.239776   0.015586   0.000000
      36        2        1    99.5796   0.057062   0.021910   0.000000
      36        2        2    99.6877   0.131970   0.011365   0.000000
      36        3        1    99.7111   0.654929   0.014414   0.000000
      36        3        2    99.6552   0.168141   0.014249   0.000000
      36        4        1    99.6136   0.195517   0.012626   0.000000
      36        4        2    99.6370   0.152372   0.012820   0.000000
      37        0        1    99.6820   0.337711   0.015472   0.000000
      37        0        2    99.1616   0.142561   0.012614   0.000000
      37        1        1    99.6387   0.137348   0.017222   0.000000
      37        1        2    99.6680   0.239776   0.007550   0.000000
      37        2        1    99.6817   0.181958   0.012680   0.000000
      37        2        2    99.6877   0.073903   0.013943   0.000000
      37        3        1    99.6459   0.366760   0.014348   0.000000
      37        3        2    99.7577   0.957436   0.011786   0.000000
      37        4        1    99.7541   0.195517   0.016113   0.000000
      37        4        2    99.6838   0.485879   0.014250   0.000000
      38        0        1    99.6314   0.059307   0.016800   0.000000
      38        0        2    99.6242   0.254573   0.010743   0.000000
      38        1        1    99.5313   0.076915   0.017182   0.000000
      38        1        2    99.6680   0.075194   0.012406   0.000000
      38        2        1    99.6877   0.181958   0.015403   0.000000
      38        2        2    99.7418   0.235660   0.009512   0.000000
      38        3        1    99.6832   0.366760   0.020389   0.000000
      38        3        2    99.7204   0.957436   0.012287   0.000000
      38        4        1    99.6838   0.109490   0.012090   0.000000
      38        4        2    99.6370   0.485879   0.010644   0.000000
      39        0        1    99.5374   0.059307   0.017445   0.000000
      39        0        2    99.7398   0.454594   0.017706   0.000000
      39        1        1    99.5313   0.437973   0.017341   0.000000
      39        1        2    99.6387   0.239776   0.012235   0.000000
      39        2        1    99.5916   0.324924   0.015680   0.000000
      39        2        2    99.6757   0.073903   0.011791   0.000000
      39        3        1    99.6832   0.205386   0.014152   0.000000
      39        3        2    99.6925   0.536164   0.011709   0.000000
      39        4        1    99.6487   0.623461   0.012431   0.000000
      39        4        2    99.6370   0.152372   0.011008   0.000000
      40        0        1    99.7470   0.105906   0.010842   0.000000
      40        0        2    99.6603   0.254573   0.010473   0.000000
      40        1        1    99.6387   0.076915   0.014965   0.000000
      40        1        2    99.5704   0.239776   0.010751   0.000000
      40        2        1    99.7178   0.181958   0.015961   0.000000
      40        2        2    99.6877   0.420822   0.011231   0.000000
      40        3        1    99.7204   0.654929   0.016827   0.000000
      40        3        2    99.6925   0.094159   0.013255   0.000000
      40        4        1    99.5902   0.195517   0.013354   0.000000
      40        4        2    99.6838   0.152372   0.012804   0.000000
      41        0        1    99.4796   0.059307   0.016464   0.000000
      41        0        2    99.5880   0.044707   0.013224   0.000000
      41        1        1    99.6094   0.076915   0.012959   0.000000
      41        1        2    99.6192   0.134275   0.011813   0.000000
      41        2        1    99.7358   0.580222   0.015743   0.000000
      41        2        2    99.7598   0.131970   0.009460   0.000000
      41        3        1    99.6925   0.654929   0.012979   0.000000
      41        3        2    99.7204   0.168141   0.016335   0.000000
      41        4        1    99.6838   0.061314   0.015420   0.000000
      41        4        2    99.7541   0.152372   0.006739   0.000000
      42        0        1    99.6748   0.105906   0.015355   0.000000
      42        0        2    99.7254   0.254573   0.011821   0.000000
      42        1        1    99.6582   0.245265   0.016598   0.000000
      42        1        2    99.6680   0.239776   0.011320   0.000000
      42        2        1    99.7238   0.057062   0.013526   0.000000
      42        2        2    99.7298   0.751468   0.009757   0.000000
      42        3        1    99.6552   0.366760   0.015015   0.000000
      42        3        2    99.6366   0.300252   0.012245   0.000000
      42        4        1    99.6956   0.109490   0.012829   0.000000
      42        4        2    99.7190   1.549360   0.008841   0.000000
      43        0        1    99.5591   0.059307   0.015135   0.000000
      43        0        2    99.7326   0.454594   0.009680   0.000000
      43        1        1    99.6192   0.137348   0.013046   0.000000
      43        1        2    99.6680   0.134275   0.011647   0.000000
      43        2        1    99.7418   0.101896   0.014029   0.000000
      43        2        2    99.7238   0.041386   0.009312   0.000000
      43        3        1    99.6925   0.205386   0.014970   0.000000
      43        3        2    99.6738   0.168141   0.013565   0.000000
      43        4        1    99.5902   0.061314   0.015514   0.000000
      43        4        2    99.6838   0.152372   0.011140   0.000000
      44        0        1    99.6459   0.189118   0.011512   0.000000
      44        0        2    99.6459   0.254573   0.012944   0.000000
      44        1        1    99.4629   0.076915   0.018526   0.000000
      44        1        2    99.6973   0.239776   0.017717   0.000000
      44        2        1    99.6877   0.580222   0.012439   0.000000
      44        2        2    99.6757   0.235660   0.010602   0.000000
      44        3        1    99.7111   0.366760   0.017996   0.000000
      44        3        2    99.6738   0.168141   0.010439   0.000000
      44        4        1    99.6721   0.061314   0.010062   0.000000
      44        4        2    99.6370   0.085328   0.009982   0.000000
      45        0        1    99.6603   0.337711   0.014415   0.000000
      45        0        2    99.7543   0.454594   0.010483   0.000000
      45        1        1    99.6485   0.137348   0.013116   0.000000
      45        1        2    99.6680   0.239776   0.011823   0.000000
      45        2        1    99.6877   0.181958   0.012667   0.000000
      45        2        2    99.7358   0.235660   0.009946   0.000000
      45        3        1    99.7018   0.115016   0.019620   0.000000
      45        3        2    99.7111   0.536164   0.010882   0.000000
      45        4        1    99.6487   0.061314   0.010618   0.000000
      45        4        2    99.6838   0.152372   0.009178   0.000000
      46        0        1    99.7181   0.105906   0.014409   0.000000
      46        0        2    99.7470   0.142561   0.008200   0.000000
      46        1        1    99.6094   0.245265   0.012522   0.000000
      46        1        2    99.6192   0.428171   0.012214   0.000000
      46        2        1    99.6637   0.324924   0.013457   0.000000
      46        2        2    99.6757   0.420822   0.013010   0.000000
      46        3        1    99.6645   0.205386   0.012712   0.000000
      46        3        2    99.6552   0.957436   0.011451   0.000000
      46        4        1    99.6253   0.195517   0.011940   0.000000
      46        4        2    99.6487   0.152372   0.010957   0.000000
      47        0        1    99.6964   0.337711   0.014867   0.000000
      47        0        2    99.7326   0.454594   0.011373   0.000000
      47        1        1    99.5411   0.137348   0.023353   0.000000
      47        1        2    99.5020   0.134275   0.016689   0.000000
      47        2        1    99.7358   0.324924   0.011403   0.000000
      47        2        2    99.7418   0.235660   0.009851   0.000000
      47        3        1    99.6925   1.169515   0.022017   0.000000
      47        3        2    99.7391   0.536164   0.010295   0.000000
      47        4        1    99.5785   0.349138   0.012967   0.000000
      47        4        2    99.6956   0.485879   0.008107   0.000000
      48        0        1    99.6748   0.603055   0.012606   0.000000
      48        0        2    99.5158   0.044707   0.010504   0.000000
      48        1        1    99.6582   0.437973   0.014099   0.000000
      48        1        2    99.6582   0.239776   0.012064   0.000000
      48        2        1    99.7178   0.181958   0.011539   0.000000
      48        2        2    99.7057   0.420822   0.012250   0.000000
      48        3        1    99.7298   0.062340   0.013322   0.000000
      48        3        2    99.6738   0.091134   0.012114   0.000000
      48        4        1    99.6956   0.195517   0.018432   0.000000
      48        4        2    99.7073   0.152372   0.008887   0.000000
      49        0        1    99.7109   0.105906   0.014538   0.000000
      49        0        2    99.6603   0.254573   0.009402   0.000000
      49        1        1    99.5996   0.137348   0.013242   0.000000
      49        1        2    99.6778   0.239776   0.012508   0.000000
      49        2        1    99.6517   0.181958   0.015626   0.000000
      49        2        2    99.7238   0.751468   0.010363   0.000000
      49        3        1    99.7111   0.115016   0.013769   0.000000
      49        3        2    99.7204   0.536164   0.011749   0.000000
      49        4        1    99.7307   0.109490   0.012671   0.000000
      49        4        2    99.7541   0.485879   0.009223   0.000000
      50        0        1    99.5880   0.189118   0.015151   0.000000
      50        0        2    99.7109   0.254573   0.011616   0.000000
      50        1        1    99.6192   0.137348   0.017375   0.000000
      50        1        2    99.6973   0.428171   0.011729   0.000000
      50        2        1    99.8018   0.181958   0.016990   0.000000
      50        2        2    99.7478   0.420822   0.008419   0.000000
      50        3        1    99.6832   0.366760   0.012533   0.000000
      50        3        2    99.6459   0.300252   0.011176   0.000000
      50        4        1    99.6956   0.349138   0.010286   0.000000
      50        4        2    99.7073   0.085328   0.009220   0.000000
