GlobalRnd   ClientID  LocEpoch    Accuracy    LR          Loss        GradNorm    
1           0         1           34.1000     0.254472    2.118889    2.545964    
1           1         1           37.2500     0.232929    2.065658    2.818444    
1           2         1           30.1900     0.253377    2.139286    2.433788    
1           3         1           33.2400     0.218039    2.012608    2.744677    
1           4         1           40.2800     0.221305    1.976816    2.679353    
2           0         1           34.6400     0.273258    1.893201    2.880631    
2           1         1           35.3900     0.257241    1.854365    3.087592    
2           2         1           37.6400     0.306990    2.010651    2.860627    
2           3         1           44.4600     0.243266    1.772252    3.138712    
2           4         1           39.3600     0.216113    1.739749    3.105810    
3           0         1           42.8600     0.319480    1.838931    3.145180    
3           1         1           45.2800     0.323575    1.748432    3.023886    
3           2         1           36.8100     0.339987    1.940013    2.883847    
3           3         1           41.0700     0.279825    1.634561    3.238929    
3           4         1           39.1500     0.283874    1.671728    3.338591    
4           0         1           38.9400     0.383634    1.787438    3.088321    
4           1         1           33.1900     0.339036    1.703731    3.286790    
4           2         1           40.3300     0.414751    1.905111    2.847102    
4           3         1           41.9800     0.316607    1.556480    3.328891    
4           4         1           47.8700     0.306513    1.527635    3.225921    
5           0         1           45.8300     0.376029    1.721780    3.341012    
5           1         1           43.4400     0.369510    1.605596    3.164588    
5           2         1           41.5300     0.434149    1.856092    2.934724    
5           3         1           51.4200     0.351392    1.459975    3.231195    
5           4         1           51.7800     0.342174    1.465625    3.309421    
6           0         1           37.5500     0.409964    1.630552    3.198621    
6           1         1           48.4800     0.401208    1.553547    3.131088    
6           2         1           43.2300     0.475413    1.815997    2.911859    
6           3         1           52.3700     0.339047    1.352533    3.293646    
6           4         1           54.0800     0.353751    1.338927    3.239157    
7           0         1           50.4900     0.400627    1.569037    3.328644    
7           1         1           51.1300     0.410953    1.468964    3.169675    
7           2         1           46.4600     0.487848    1.799968    3.069683    
7           3         1           48.2500     0.353636    1.306891    3.476858    
7           4         1           53.1200     0.349184    1.262173    3.336078    
8           0         1           47.5500     0.431804    1.500854    3.311205    
8           1         1           54.7800     0.434674    1.405789    3.162510    
8           2         1           42.0800     0.485987    1.750789    3.116368    
8           3         1           56.9600     0.356239    1.188663    3.382851    
8           4         1           57.8700     0.355537    1.151483    3.299761    
9           0         1           51.6700     0.427886    1.444081    3.380875    
9           1         1           51.7100     0.389857    1.289086    3.212247    
9           2         1           40.2600     0.487072    1.708393    3.229982    
9           3         1           54.6600     0.346006    1.075576    3.400696    
9           4         1           55.1300     0.349197    1.076342    3.380125    
10          0         1           56.5200     0.377305    1.288622    3.467132    
10          1         1           56.1900     0.359521    1.194810    3.348398    
10          2         1           52.8400     0.484494    1.621759    3.194292    
10          3         1           62.9000     0.322105    0.962993    3.437856    
10          4         1           62.1800     0.321687    0.974552    3.430340    
11          0         1           57.6300     0.359544    1.227218    3.581147    
11          1         1           57.0400     0.359819    1.115642    3.367225    
11          2         1           53.0600     0.465924    1.577985    3.395347    
11          3         1           64.7100     0.268528    0.816980    3.511812    
11          4         1           63.6700     0.273845    0.835845    3.495217    
12          0         1           57.2200     0.334816    1.121518    3.631385    
12          1         1           61.1400     0.332991    1.034183    3.456182    
12          2         1           54.3000     0.461910    1.540485    3.427127    
12          3         1           65.7500     0.233673    0.685832    3.472151    
12          4         1           64.7800     0.249808    0.697440    3.443600    
13          0         1           59.2000     0.295442    1.000949    3.697558    
13          1         1           61.8200     0.289129    0.907913    3.484079    
13          2         1           46.3100     0.420692    1.450149    3.473536    
13          3         1           66.6900     0.194518    0.542197    3.431179    
13          4         1           65.7300     0.202217    0.563084    3.434791    
14          0         1           60.4400     0.267071    0.904419    3.787571    
14          1         1           62.7500     0.248678    0.789620    3.576310    
14          2         1           49.8700     0.383124    1.399456    3.732566    
14          3         1           67.7400     0.159957    0.427923    3.374319    
14          4         1           68.7800     0.172068    0.459737    3.391509    
15          0         1           62.0800     0.212672    0.764879    3.882197    
15          1         1           65.9300     0.206818    0.680251    3.665088    
15          2         1           57.7500     0.345226    1.313851    3.846119    
15          3         1           69.4000     0.134782    0.329212    3.176189    
15          4         1           69.1700     0.142199    0.350876    3.228419    
16          0         1           64.7700     0.175547    0.650790    3.963245    
16          1         1           66.3300     0.174388    0.585915    3.744002    
16          2         1           57.4300     0.316155    1.240862    3.940148    
16          3         1           70.2200     0.113610    0.242501    2.996286    
16          4         1           69.6300     0.122905    0.265316    3.072678    
17          0         1           65.0800     0.139546    0.545935    4.071586    
17          1         1           66.4500     0.152944    0.504907    3.702696    
17          2         1           59.3200     0.279008    1.154930    4.081046    
17          3         1           70.5900     0.104070    0.178069    2.678125    
17          4         1           70.2900     0.103496    0.195280    2.831843    
18          0         1           66.3200     0.117015    0.462354    4.029862    
18          1         1           66.2400     0.135839    0.428436    3.667784    
18          2         1           59.8700     0.245227    1.106230    4.367554    
18          3         1           71.4100     0.088388    0.130207    2.493234    
18          4         1           70.2600     0.088288    0.140603    2.533596    
19          0         1           66.1700     0.101451    0.392376    4.029989    
19          1         1           66.2200     0.113206    0.357963    3.583331    
19          2         1           57.6300     0.212168    1.037176    4.537434    
19          3         1           71.2200     0.083314    0.097790    2.238241    
19          4         1           70.4400     0.086429    0.107395    2.326113    
20          0         1           67.4700     0.086769    0.339104    3.995138    
20          1         1           67.5900     0.096631    0.318775    3.694853    
20          2         1           60.2200     0.183724    0.984622    4.780499    
20          3         1           71.2300     0.082829    0.078542    2.090604    
20          4         1           70.7800     0.080785    0.089452    2.204095    
21          0         1           66.8300     0.075365    0.295930    4.015420    
21          1         1           66.3700     0.089750    0.278793    3.618040    
21          2         1           60.8200     0.170632    0.953171    4.880461    
21          3         1           71.1800     0.080009    0.061208    1.861515    
21          4         1           70.7900     0.067933    0.070822    2.063599    
22          0         1           66.8200     0.069455    0.262060    3.963348    
22          1         1           67.2000     0.078665    0.244333    3.618296    
22          2         1           60.5200     0.146249    0.890315    5.067811    
22          3         1           71.1900     0.088417    0.050248    1.750845    
22          4         1           70.2100     0.077917    0.059437    1.985643    
23          0         1           67.0600     0.062712    0.228058    3.884831    
23          1         1           68.1800     0.073392    0.214811    3.468559    
23          2         1           62.4400     0.147866    0.879659    5.150640    
23          3         1           71.0300     0.080031    0.042305    1.665823    
23          4         1           71.1700     0.087039    0.050907    1.823207    
24          0         1           66.3600     0.054239    0.202110    3.825569    
24          1         1           66.8900     0.067518    0.190147    3.392565    
24          2         1           61.9100     0.121117    0.830188    5.419168    
24          3         1           71.3400     0.086820    0.037471    1.620327    
24          4         1           71.0300     0.090043    0.045884    1.774405    
25          0         1           68.1600     0.056285    0.181316    3.716775    
25          1         1           67.8000     0.065394    0.174528    3.337546    
25          2         1           59.9500     0.119418    0.801126    5.375673    
25          3         1           71.1600     0.099171    0.035143    1.626314    
25          4         1           71.1400     0.097380    0.041722    1.780587    
26          0         1           67.4200     0.048186    0.158896    3.628340    
26          1         1           67.3700     0.058694    0.152604    3.284379    
26          2         1           59.3900     0.108704    0.776673    5.671763    
26          3         1           71.2600     0.111128    0.034890    1.645676    
26          4         1           71.0500     0.103890    0.038683    1.731957    
27          0         1           67.7400     0.048890    0.144563    3.555267    
27          1         1           67.8700     0.055795    0.140083    3.169994    
27          2         1           61.5500     0.098395    0.747268    5.684968    
27          3         1           71.3800     0.115710    0.032067    1.600349    
27          4         1           70.8200     0.096410    0.036597    1.754279    
28          0         1           66.9000     0.046295    0.135478    3.504788    
28          1         1           68.0400     0.057134    0.124299    3.069853    
28          2         1           61.6200     0.100581    0.738961    5.726090    
28          3         1           71.2400     0.120040    0.031592    1.646554    
28          4         1           70.7200     0.111371    0.038059    1.807484    
29          0         1           67.3900     0.042850    0.122043    3.442705    
29          1         1           68.1000     0.054151    0.118534    3.059628    
29          2         1           61.8000     0.089607    0.716288    5.817348    
29          3         1           71.2100     0.120362    0.031720    1.653708    
29          4         1           70.8900     0.116312    0.035218    1.762671    
30          0         1           67.8000     0.040492    0.117302    3.468152    
30          1         1           68.2100     0.053215    0.108911    2.977012    
30          2         1           62.1800     0.081624    0.678984    5.947599    
30          3         1           71.1700     0.146104    0.031518    1.704093    
30          4         1           70.8900     0.148933    0.032679    1.757796    
31          0         1           67.9400     0.043220    0.103147    3.272511    
31          1         1           68.2900     0.048199    0.099783    3.008948    
31          2         1           61.9100     0.078015    0.662199    6.027934    
31          3         1           71.3800     0.162168    0.031701    1.669384    
31          4         1           70.8600     0.128289    0.033709    1.745445    
32          0         1           67.5800     0.037624    0.103982    3.345343    
32          1         1           67.7200     0.048687    0.092952    2.977026    
32          2         1           61.1700     0.077738    0.646798    6.079883    
32          3         1           71.1600     0.141323    0.031453    1.801409    
32          4         1           70.8000     0.130774    0.034139    1.861412    
33          0         1           67.8200     0.038220    0.091119    3.236237    
33          1         1           67.7000     0.047431    0.087503    2.885863    
33          2         1           61.3800     0.070316    0.634333    6.266228    
33          3         1           71.1600     0.222246    0.032722    1.795084    
33          4         1           70.8500     0.133145    0.033526    1.846182    
34          0         1           67.4700     0.036534    0.088386    3.314673    
34          1         1           68.2800     0.049561    0.079103    2.813180    
34          2         1           60.4400     0.072872    0.612330    6.143335    
34          3         1           71.0500     0.150190    0.029121    1.728773    
34          4         1           70.8700     0.198200    0.034175    1.821349    
35          0         1           67.6700     0.039870    0.081353    3.105258    
35          1         1           67.9300     0.051841    0.079290    2.797928    
35          2         1           62.2700     0.068443    0.613394    6.250164    
35          3         1           71.1700     0.180715    0.030638    1.856321    
35          4         1           70.8800     0.224009    0.035817    1.919445    
36          0         1           68.2200     0.036652    0.079514    3.156992    
36          1         1           67.8900     0.051039    0.069658    2.605320    
36          2         1           62.1900     0.063014    0.584955    6.359705    
36          3         1           71.1200     0.263601    0.030019    1.848214    
36          4         1           70.8600     0.202087    0.034434    1.879233    
37          0         1           68.1900     0.039324    0.073844    3.040653    
37          1         1           68.2100     0.045945    0.070559    2.743346    
37          2         1           60.2300     0.060772    0.564800    6.430209    
37          3         1           71.1100     0.162154    0.030310    1.933254    
37          4         1           70.9400     0.323702    0.033989    1.977611    
38          0         1           67.7200     0.037977    0.076097    3.136365    
38          1         1           68.1400     0.048431    0.066378    2.775194    
38          2         1           62.1500     0.054823    0.554407    6.525062    
38          3         1           70.9500     0.231205    0.031417    1.949314    
38          4         1           70.8300     0.232712    0.034902    2.012992    
39          0         1           67.9600     0.038803    0.070632    3.186330    
39          1         1           68.1100     0.041482    0.066262    2.708321    
39          2         1           61.8100     0.056560    0.553040    6.608414    
39          3         1           71.0600     0.326704    0.033661    2.021387    
39          4         1           70.9000     0.334347    0.035990    2.173703    
40          0         1           67.9700     0.040502    0.064970    3.003105    
40          1         1           68.3400     0.045782    0.061934    2.713837    
40          2         1           62.1400     0.051579    0.545302    6.679462    
40          3         1           70.7700     0.290507    0.032337    2.068285    
40          4         1           70.8500     0.428991    0.036232    1.931811    
41          0         1           67.9400     0.040408    0.059353    2.797562    
41          1         1           68.1100     0.049247    0.059871    2.692071    
41          2         1           61.0500     0.048607    0.518491    6.703494    
41          3         1           71.0800     0.263600    0.031906    2.003561    
41          4         1           70.7700     0.245408    0.036149    2.069258    
42          0         1           67.9000     0.040175    0.059012    2.917651    
42          1         1           68.1600     0.053294    0.057799    2.652352    
42          2         1           61.2200     0.049248    0.518141    6.760122    
42          3         1           70.9000     0.409449    0.032046    1.996958    
42          4         1           71.1000     0.303037    0.037170    2.245348    
43          0         1           68.1900     0.038897    0.055302    2.785321    
43          1         1           68.5300     0.047579    0.055336    2.593175    
43          2         1           61.5800     0.046284    0.503971    6.894479    
43          3         1           71.0400     0.460064    0.032996    2.102967    
43          4         1           70.7000     0.410509    0.037871    2.229479    
44          0         1           67.8300     0.038906    0.063708    3.061758    
44          1         1           68.4600     0.046218    0.057619    2.743322    
44          2         1           61.6000     0.046552    0.494770    6.928131    
44          3         1           70.9800     0.477779    0.033137    2.102948    
44          4         1           70.8000     0.390568    0.038228    2.258553    
45          0         1           67.8900     0.033862    0.056927    3.023128    
45          1         1           68.1300     0.059534    0.053411    2.585053    
45          2         1           61.5700     0.041726    0.477982    6.906085    
45          3         1           70.9600     0.436615    0.033879    2.145722    
45          4         1           70.8200     0.430500    0.040047    2.280000    
46          0         1           68.1900     0.046289    0.053289    2.852547    
46          1         1           68.5600     0.045161    0.052110    2.680316    
46          2         1           61.7900     0.043656    0.456259    6.610171    
46          3         1           71.0200     0.727776    0.035747    2.163286    
46          4         1           70.8600     0.557106    0.039583    2.364065    
47          0         1           67.9200     0.045746    0.053994    3.031599    
47          1         1           68.4200     0.053276    0.049551    2.534673    
47          2         1           60.7900     0.040918    0.468456    7.006955    
47          3         1           70.9100     0.550630    0.036574    2.228920    
47          4         1           70.8100     0.697022    0.042382    2.454669    
48          0         1           68.1200     0.044127    0.051292    2.896529    
48          1         1           68.2300     0.045967    0.052353    2.865412    
48          2         1           61.2900     0.040920    0.438864    6.629145    
48          3         1           71.0500     0.477098    0.035421    2.219547    
48          4         1           70.6700     0.688245    0.041918    2.413461    
49          0         1           68.1900     0.044640    0.050086    2.826959    
49          1         1           68.2200     0.056717    0.044654    2.509893    
49          2         1           60.5200     0.038708    0.437146    6.841089    
49          3         1           70.9400     0.771209    0.038152    2.247260    
49          4         1           70.5700     0.384805    0.041071    2.511895    
50          0         1           68.2600     0.036620    0.051952    3.014239    
50          1         1           68.5200     0.059436    0.044765    2.615223    
50          2         1           62.2400     0.036749    0.447440    7.163916    
50          3         1           71.0100     0.702399    0.037272    2.358002    
50          4         1           70.6200     0.584517    0.042579    2.503513    
