GlobalRnd   ClientID  LocEpoch    Accuracy    LR          Loss        GradNorm    
1           0         2           66.0500     0.053778    0.389794    3.129289    
1           1         2           92.4400     0.119270    0.233121    2.660726    
1           2         2           85.1300     0.101892    0.320635    3.026769    
1           3         2           71.4300     0.047265    0.568337    3.761326    
1           4         2           89.5800     0.114922    0.266027    2.568376    
1           5         2           88.7000     0.096157    0.295329    3.035716    
1           6         2           76.4600     0.101636    0.283757    2.748045    
1           7         2           78.8300     0.100546    0.303803    2.639194    
1           8         2           92.3800     0.105030    0.270946    2.867535    
1           9         2           53.7300     0.041779    0.665962    3.973818    
2           0         2           89.7600     0.108032    0.203151    2.521101    
2           1         2           94.2200     0.117331    0.146621    2.298673    
2           2         2           93.6000     0.104690    0.177037    2.584628    
2           3         2           92.9800     0.085069    0.248019    3.439915    
2           4         2           91.1800     0.100778    0.177723    2.607563    
2           5         2           93.2800     0.099695    0.201007    2.728363    
2           6         2           86.3300     0.108188    0.141074    2.275189    
2           7         2           84.6700     0.071663    0.186980    2.656773    
2           8         2           92.0600     0.116246    0.169445    2.604383    
2           9         2           90.5500     0.068319    0.274333    3.444843    
3           0         2           92.9900     0.125441    0.112697    1.744055    
3           1         2           95.9000     0.156897    0.117432    1.697820    
3           2         2           94.7500     0.139107    0.108512    1.707804    
3           3         2           96.3700     0.127489    0.152081    1.924849    
3           4         2           92.2500     0.110394    0.123889    1.927876    
3           5         2           93.3000     0.124849    0.137563    1.956323    
3           6         2           89.9500     0.128684    0.097058    1.668840    
3           7         2           94.3600     0.115612    0.113508    1.866102    
3           8         2           94.0900     0.134092    0.126464    1.782455    
3           9         2           94.2200     0.106872    0.147711    2.054087    
4           0         2           93.1700     0.141276    0.071945    1.387974    
4           1         2           96.3400     0.158633    0.088091    1.445108    
4           2         2           95.1900     0.154575    0.087725    1.475099    
4           3         2           95.6100     0.107440    0.088567    1.644623    
4           4         2           96.3700     0.134963    0.107507    1.630974    
4           5         2           96.6400     0.131049    0.097760    1.666370    
4           6         2           94.4700     0.130230    0.065670    1.324511    
4           7         2           94.1900     0.131599    0.090432    1.610770    
4           8         2           95.9600     0.155255    0.099608    1.550381    
4           9         2           97.0700     0.131930    0.106224    1.676019    
5           0         2           96.8100     0.154610    0.059630    1.286496    
5           1         2           94.6500     0.143766    0.077597    1.384123    
5           2         2           95.4800     0.143579    0.060249    1.273000    
5           3         2           97.0200     0.137178    0.086254    1.549471    
5           4         2           96.8800     0.143810    0.077197    1.382368    
5           5         2           96.8400     0.135472    0.078576    1.509415    
5           6         2           95.0200     0.167508    0.051015    1.185039    
5           7         2           95.0800     0.140342    0.069403    1.386464    
5           8         2           96.1200     0.151450    0.069108    1.308198    
5           9         2           97.1600     0.139112    0.086792    1.447936    
6           0         2           97.0400     0.158218    0.059659    1.223727    
6           1         2           95.8200     0.161105    0.078162    1.282337    
6           2         2           95.5400     0.158697    0.058988    1.166464    
6           3         2           97.4900     0.145257    0.061488    1.246007    
6           4         2           97.7300     0.145563    0.058983    1.260835    
6           5         2           97.6200     0.131968    0.063503    1.340526    
6           6         2           92.6100     0.161077    0.050100    1.130722    
6           7         2           94.3900     0.136184    0.061815    1.294720    
6           8         2           97.5300     0.171140    0.074889    1.231969    
6           9         2           96.9000     0.164937    0.060282    1.302620    
7           0         2           96.9800     0.135167    0.051507    1.146975    
7           1         2           97.3100     0.151297    0.057990    1.170666    
7           2         2           97.2000     0.145741    0.049956    1.091646    
7           3         2           97.3100     0.152861    0.044440    1.095525    
7           4         2           97.6000     0.136694    0.059829    1.307502    
7           5         2           90.1000     0.144319    0.070184    1.304765    
7           6         2           95.3000     0.164977    0.046643    0.997562    
7           7         2           96.9100     0.149352    0.058219    1.251756    
7           8         2           97.0100     0.180945    0.068054    1.239675    
7           9         2           98.0300     0.136355    0.055385    1.149962    
8           0         2           97.7200     0.165340    0.033405    0.935900    
8           1         2           97.8500     0.143796    0.053387    1.162651    
8           2         2           97.8500     0.152352    0.050027    1.101571    
8           3         2           97.0000     0.146250    0.056015    1.183687    
8           4         2           97.7300     0.133642    0.057056    1.172337    
8           5         2           96.9300     0.152564    0.074607    1.254383    
8           6         2           92.5900     0.146323    0.035973    0.894326    
8           7         2           98.1400     0.121370    0.059729    1.297569    
8           8         2           97.4300     0.161647    0.057030    1.154785    
8           9         2           97.9200     0.151694    0.058974    1.160051    
9           0         2           96.8900     0.165458    0.035365    0.890628    
9           1         2           97.4900     0.164480    0.054774    1.065161    
9           2         2           98.1500     0.145979    0.045288    1.016147    
9           3         2           97.8100     0.127571    0.039614    0.989946    
9           4         2           97.1900     0.145110    0.044976    1.058700    
9           5         2           96.8400     0.130605    0.052913    1.230875    
9           6         2           95.2300     0.188124    0.036371    0.900809    
9           7         2           97.6200     0.146043    0.043431    1.045730    
9           8         2           97.4800     0.173371    0.040781    1.024775    
9           9         2           98.0000     0.210024    0.037489    1.001983    
10          0         2           96.5100     0.146412    0.048042    1.017724    
10          1         2           87.3300     0.175549    0.058351    1.181441    
10          2         2           97.0700     0.169155    0.042186    0.993582    
10          3         2           97.8500     0.129346    0.046665    1.089339    
10          4         2           97.5500     0.172441    0.033358    0.926315    
10          5         2           97.9800     0.137049    0.055882    1.182302    
10          6         2           95.9300     0.162080    0.034256    0.869029    
10          7         2           97.3100     0.161226    0.042531    1.077791    
10          8         2           96.9600     0.164828    0.049864    0.992247    
10          9         2           98.4600     0.153827    0.037968    1.004388    
11          0         2           97.7300     0.153646    0.028011    0.853884    
11          1         2           97.9800     0.165180    0.045613    0.995172    
11          2         2           97.9000     0.155712    0.040749    0.980189    
11          3         2           98.1900     0.173377    0.032913    0.964134    
11          4         2           98.0900     0.136903    0.043562    1.017246    
11          5         2           98.3200     0.173112    0.045912    1.069946    
11          6         2           95.4100     0.200033    0.029112    0.820757    
11          7         2           97.8800     0.152236    0.035277    1.038271    
11          8         2           97.6000     0.152929    0.051743    1.047177    
11          9         2           96.3300     0.166894    0.041519    0.997859    
12          0         2           97.4000     0.204924    0.031937    0.874059    
12          1         2           98.1100     0.162035    0.047598    1.043677    
12          2         2           97.9800     0.194005    0.035836    0.855883    
12          3         2           98.5900     0.148092    0.027891    0.942154    
12          4         2           98.1600     0.123457    0.044299    1.125459    
12          5         2           97.0300     0.153505    0.048639    1.159136    
12          6         2           96.1900     0.225763    0.026245    0.845174    
12          7         2           97.8100     0.149431    0.041104    1.077805    
12          8         2           96.6700     0.155707    0.044359    1.078603    
12          9         2           98.4700     0.149014    0.044037    0.957834    
13          0         2           97.0300     0.191459    0.027122    0.840052    
13          1         2           96.3100     0.166558    0.046310    1.055908    
13          2         2           98.1200     0.214724    0.037666    0.935657    
13          3         2           98.3800     0.162252    0.029011    0.876157    
13          4         2           97.8400     0.149250    0.032908    0.927251    
13          5         2           98.0200     0.157823    0.050626    1.062344    
13          6         2           95.1200     0.242993    0.030402    0.753969    
13          7         2           98.1000     0.169242    0.034973    0.975286    
13          8         2           97.5500     0.180977    0.050493    1.054219    
13          9         2           98.3700     0.154962    0.061498    1.068599    
14          0         2           98.0100     0.245142    0.032691    0.841115    
14          1         2           98.1600     0.159597    0.037845    1.028846    
14          2         2           97.9100     0.215089    0.040207    0.906882    
14          3         2           98.2400     0.271183    0.033157    0.846063    
14          4         2           98.2300     0.172189    0.039611    1.028325    
14          5         2           97.8000     0.143678    0.050317    1.074510    
14          6         2           96.2100     0.234048    0.027840    0.831896    
14          7         2           97.7700     0.230471    0.029343    0.971318    
14          8         2           98.2600     0.174719    0.039627    0.978489    
14          9         2           98.4100     0.225974    0.027365    0.808881    
15          0         2           97.9000     0.280236    0.022891    0.834712    
15          1         2           98.0100     0.155087    0.046640    1.071271    
15          2         2           97.8200     0.163068    0.040866    0.893426    
15          3         2           97.6900     0.159250    0.035804    1.026942    
15          4         2           98.2800     0.177218    0.031643    0.996394    
15          5         2           98.0400     0.139455    0.043409    1.066097    
15          6         2           97.6500     0.180941    0.024485    0.780430    
15          7         2           98.0800     0.288101    0.022607    0.916312    
15          8         2           97.9900     0.118349    0.050729    1.071733    
15          9         2           98.3000     0.125442    0.049212    1.008201    
16          0         2           98.0300     0.295491    0.021532    0.780155    
16          1         2           97.7700     0.175932    0.039338    1.022374    
16          2         2           97.4900     0.165354    0.032348    0.969356    
16          3         2           98.4000     0.150632    0.034100    0.892178    
16          4         2           98.0400     0.147938    0.040679    1.058473    
16          5         2           98.2000     0.157158    0.038536    1.022783    
16          6         2           96.0800     0.266281    0.023838    0.749383    
16          7         2           98.2500     0.207648    0.022524    0.861369    
16          8         2           98.3400     0.213481    0.035961    0.955146    
16          9         2           98.6400     0.142925    0.028215    0.867827    
17          0         2           96.5500     0.217760    0.030228    0.805871    
17          1         2           98.2400     0.161131    0.040157    0.947214    
17          2         2           98.3300     0.210163    0.033617    0.849566    
17          3         2           98.4400     0.215831    0.022489    0.819079    
17          4         2           98.4200     0.173710    0.034295    0.896878    
17          5         2           98.3800     0.166665    0.035936    0.981314    
17          6         2           97.6300     0.246758    0.020765    0.713632    
17          7         2           98.4600     0.228324    0.022367    0.968257    
17          8         2           98.3300     0.159695    0.047536    1.108624    
17          9         2           98.7400     0.218936    0.025788    0.852144    
18          0         2           98.4000     0.415810    0.024041    0.728184    
18          1         2           97.6000     0.158550    0.040031    1.045807    
18          2         2           98.3400     0.223861    0.032626    0.830560    
18          3         2           98.7500     0.254927    0.024399    0.834769    
18          4         2           98.5800     0.128985    0.029945    0.924998    
18          5         2           98.4500     0.146120    0.052361    1.035126    
18          6         2           96.9200     0.297935    0.026565    0.783950    
18          7         2           98.5700     0.134861    0.030855    0.969351    
18          8         2           98.3700     0.170400    0.035176    0.946498    
18          9         2           98.7000     0.229977    0.031516    0.831178    
19          0         2           98.1200     0.266549    0.024786    0.813381    
19          1         2           97.9800     0.215183    0.047920    1.060254    
19          2         2           98.0200     0.251849    0.026721    0.888672    
19          3         2           98.6700     0.289974    0.019909    0.821446    
19          4         2           97.7200     0.128703    0.036536    0.995057    
19          5         2           98.3900     0.163886    0.038309    0.992228    
19          6         2           96.2600     0.198937    0.028242    0.798554    
19          7         2           97.6200     0.126919    0.031930    1.048438    
19          8         2           98.2000     0.171696    0.040353    0.951567    
19          9         2           98.6600     0.162832    0.031427    0.877437    
20          0         2           98.2800     0.371521    0.019897    0.759253    
20          1         2           98.1800     0.229713    0.050492    1.010533    
20          2         2           98.1900     0.209354    0.037929    0.943987    
20          3         2           98.7500     0.213781    0.022652    0.865108    
20          4         2           97.7100     0.179835    0.029927    0.998296    
20          5         2           98.4000     0.162737    0.032574    0.944414    
20          6         2           97.9100     0.297979    0.018311    0.727050    
20          7         2           96.9500     0.128464    0.037704    0.956305    
20          8         2           98.4200     0.179674    0.037811    0.991342    
20          9         2           98.5500     0.135277    0.038107    0.910198    
21          0         2           98.4900     0.308031    0.029058    0.820299    
21          1         2           98.0200     0.163346    0.038866    1.010996    
21          2         2           97.9200     0.222780    0.047039    0.877928    
21          3         2           98.8000     0.178454    0.023831    0.818975    
21          4         2           97.7800     0.158020    0.030999    0.936168    
21          5         2           97.7700     0.126418    0.045248    1.028778    
21          6         2           94.9200     0.265199    0.028232    0.752283    
21          7         2           98.5700     0.139187    0.022325    0.855311    
21          8         2           98.3300     0.178127    0.030777    0.872604    
21          9         2           98.8200     0.224823    0.027040    0.777144    
22          0         2           98.1100     0.273623    0.021290    0.895455    
22          1         2           98.6400     0.186366    0.036710    0.961064    
22          2         2           98.5600     0.267790    0.028786    0.797451    
22          3         2           98.7400     0.337159    0.022304    0.784458    
22          4         2           98.3100     0.130498    0.036712    0.930550    
22          5         2           98.3800     0.198898    0.028026    0.955689    
22          6         2           97.8400     0.294032    0.021942    0.739980    
22          7         2           95.6300     0.144981    0.028278    0.940251    
22          8         2           98.3700     0.168169    0.032738    0.923306    
22          9         2           98.7600     0.178170    0.037973    0.824083    
23          0         2           98.1100     0.387302    0.018803    0.835860    
23          1         2           97.5800     0.132871    0.042402    1.053749    
23          2         2           98.4600     0.238270    0.027183    0.774253    
23          3         2           98.7200     0.215531    0.024896    0.846910    
23          4         2           98.2900     0.157359    0.033873    0.939181    
23          5         2           98.3700     0.144302    0.038438    0.989069    
23          6         2           97.8000     0.403788    0.018066    0.752985    
23          7         2           98.4900     0.164757    0.028099    0.908409    
23          8         2           97.6200     0.306393    0.042775    0.907691    
23          9         2           98.9000     0.310230    0.024387    0.747185    
24          0         2           98.3300     0.469930    0.019849    0.747599    
24          1         2           97.6800     0.156401    0.038281    1.012938    
24          2         2           98.7400     0.210963    0.030576    0.831860    
24          3         2           98.6900     0.242406    0.022867    0.867386    
24          4         2           98.1900     0.248945    0.030012    0.940625    
24          5         2           98.3600     0.180435    0.032163    0.971861    
24          6         2           98.0900     0.419938    0.019138    0.723421    
24          7         2           98.5700     0.154560    0.029509    0.962674    
24          8         2           97.0600     0.194089    0.038099    0.969081    
24          9         2           98.7500     0.284780    0.024218    0.719618    
25          0         2           98.4500     0.402827    0.029833    0.873200    
25          1         2           98.2200     0.188353    0.034298    1.045257    
25          2         2           98.2100     0.170994    0.036273    0.901965    
25          3         2           98.8300     0.301631    0.027150    0.867354    
25          4         2           98.5100     0.201661    0.027064    0.962839    
25          5         2           98.4200     0.217889    0.027913    0.842078    
25          6         2           90.4600     0.361035    0.023578    0.753395    
25          7         2           98.2700     0.169090    0.022295    0.947506    
25          8         2           98.2800     0.182738    0.039037    0.983796    
25          9         2           98.4100     0.273181    0.028453    0.750463    
26          0         2           98.6800     0.412331    0.029407    0.818565    
26          1         2           98.2100     0.161885    0.030316    0.993910    
26          2         2           98.0600     0.213721    0.048299    1.015395    
26          3         2           98.5600     0.126893    0.023031    0.879658    
26          4         2           98.6100     0.197234    0.023982    0.856454    
26          5         2           98.6100     0.219651    0.026857    0.932675    
26          6         2           96.9500     0.467236    0.017626    0.719289    
26          7         2           98.6100     0.130193    0.029362    0.943531    
26          8         2           98.5100     0.200616    0.038508    1.001892    
26          9         2           98.8600     0.191149    0.022937    0.788157    
27          0         2           98.1300     0.154224    0.034125    0.946376    
27          1         2           98.4300     0.149173    0.038121    1.042866    
27          2         2           98.6800     0.227044    0.026423    0.875517    
27          3         2           98.7700     0.381734    0.023265    0.877421    
27          4         2           98.0700     0.205264    0.025416    0.870415    
27          5         2           98.5700     0.200991    0.030381    0.927278    
27          6         2           98.4800     0.503120    0.028218    0.803352    
27          7         2           98.6000     0.174177    0.021124    0.877972    
27          8         2           98.3700     0.304304    0.032742    0.915980    
27          9         2           98.8800     0.341907    0.026083    0.747312    
28          0         2           98.7300     0.829696    0.030326    0.833657    
28          1         2           98.5300     0.172429    0.033498    1.046264    
28          2         2           98.6400     0.367426    0.027636    0.811566    
28          3         2           98.8700     0.419477    0.022643    0.841623    
28          4         2           98.6800     0.273939    0.027272    0.972321    
28          5         2           98.3600     0.231817    0.022669    0.908667    
28          6         2           97.8900     0.250567    0.025896    0.829214    
28          7         2           98.1700     0.204837    0.029794    0.951099    
28          8         2           98.4600     0.154801    0.044807    0.993480    
28          9         2           98.9600     0.402278    0.028250    0.756369    
29          0         2           98.2800     0.342313    0.020828    0.902148    
29          1         2           97.9100     0.154107    0.039012    1.143519    
29          2         2           98.5900     0.400343    0.031198    0.866007    
29          3         2           98.8900     0.446482    0.021458    0.887720    
29          4         2           98.3200     0.201909    0.032717    1.018542    
29          5         2           97.4000     0.145026    0.037359    1.040622    
29          6         2           98.3000     0.675405    0.020736    0.744293    
29          7         2           98.4500     0.254037    0.016269    0.921492    
29          8         2           97.9600     0.134236    0.035622    1.142362    
29          9         2           98.6100     0.649003    0.029623    0.838606    
30          0         2           98.5400     0.472323    0.018369    0.706588    
30          1         2           98.6400     0.244701    0.025185    0.959337    
30          2         2           97.9700     0.228195    0.032726    0.974813    
30          3         2           98.7400     0.723251    0.020965    0.808065    
30          4         2           98.7800     0.273108    0.021858    0.872854    
30          5         2           98.4500     0.156705    0.026106    0.930156    
30          6         2           97.8800     0.399516    0.028804    0.793199    
30          7         2           98.5200     0.100226    0.032758    1.039789    
30          8         2           98.2400     0.145965    0.040464    1.044567    
30          9         2           98.8700     0.287318    0.024480    0.742617    
31          0         2           98.5400     0.544706    0.019748    0.807185    
31          1         2           98.4500     0.131684    0.036510    1.077153    
31          2         2           98.7000     0.325058    0.028563    0.797524    
31          3         2           98.7900     0.183125    0.023823    0.922842    
31          4         2           98.6800     0.122400    0.030165    0.950797    
31          5         2           98.4100     0.215498    0.024554    1.024458    
31          6         2           92.5500     0.400343    0.022802    0.786194    
31          7         2           98.4600     0.201547    0.026959    0.954846    
31          8         2           98.5200     0.200475    0.038800    1.012515    
31          9         2           98.9000     0.634988    0.034037    1.009607    
32          0         2           98.6600     1.017744    0.027216    0.838248    
32          1         2           96.0200     0.374227    0.030630    0.990823    
32          2         2           98.7000     0.169246    0.038638    0.944330    
32          3         2           98.9800     1.180250    0.024577    0.897347    
32          4         2           98.7600     0.277808    0.025713    0.896737    
32          5         2           98.5500     0.305394    0.029968    0.882664    
32          6         2           98.3700     0.557949    0.020295    0.792520    
32          7         2           98.6500     0.175444    0.030788    0.944451    
32          8         2           98.4400     0.197661    0.024064    0.964166    
32          9         2           98.8300     0.823957    0.025549    0.709100    
33          0         2           98.7500     0.395047    0.029277    0.963692    
33          1         2           98.1600     0.237759    0.041458    1.086457    
33          2         2           98.4500     0.565120    0.029771    0.884031    
33          3         2           98.9200     0.604970    0.023248    0.968881    
33          4         2           98.7600     0.394830    0.029247    0.965369    
33          5         2           98.5600     0.197216    0.042526    1.154967    
33          6         2           98.3700     0.941875    0.024284    0.774692    
33          7         2           98.1900     0.154722    0.022916    0.937695    
33          8         2           98.5100     0.142787    0.039746    1.100881    
33          9         2           98.9500     0.808275    0.026172    0.816010    
34          0         2           98.8000     0.492279    0.031487    0.945207    
34          1         2           98.2000     0.155015    0.045762    1.110462    
34          2         2           95.9500     0.504025    0.038245    0.960290    
34          3         2           98.8600     1.051426    0.022470    0.957784    
34          4         2           98.5700     0.239786    0.040089    1.082963    
34          5         2           98.5600     0.180245    0.024532    0.949898    
34          6         2           97.3100     0.522988    0.023474    0.776382    
34          7         2           98.1100     0.257025    0.019599    0.954892    
34          8         2           98.3400     0.140257    0.041823    1.146448    
34          9         2           99.0200     0.362573    0.027198    0.828447    
35          0         2           98.7800     0.774053    0.027753    0.943772    
35          1         2           98.5400     0.279541    0.038171    1.015732    
35          2         2           98.6700     0.416874    0.030230    0.853118    
35          3         2           98.8800     0.705551    0.024862    0.957774    
35          4         2           98.8100     0.372049    0.027603    0.943081    
35          5         2           98.2600     0.166268    0.032121    0.964180    
35          6         2           96.7600     0.356620    0.021841    0.830238    
35          7         2           98.7900     0.380257    0.026336    0.936332    
35          8         2           98.5900     0.154178    0.044293    1.099097    
35          9         2           98.9000     0.641191    0.027338    0.811723    
36          0         2           98.6900     0.865733    0.027444    0.931219    
36          1         2           98.1800     0.203342    0.034549    1.083599    
36          2         2           98.2400     0.704503    0.030681    0.931880    
36          3         2           98.9000     0.811510    0.024000    1.021842    
36          4         2           98.9100     0.337588    0.028275    0.979506    
36          5         2           98.4600     0.168980    0.028504    1.037376    
36          6         2           98.4500     0.791440    0.024963    0.764498    
36          7         2           97.7200     0.154111    0.025370    0.957638    
36          8         2           98.4900     0.272643    0.029260    0.986291    
36          9         2           98.9600     1.116421    0.030839    0.758537    
37          0         2           98.7000     0.949649    0.031487    0.862497    
37          1         2           98.2000     0.165457    0.041897    1.210005    
37          2         2           98.7500     0.566476    0.032904    0.920360    
37          3         2           98.9900     0.517255    0.024751    0.993178    
37          4         2           98.6900     0.158679    0.030251    1.080854    
37          5         2           98.7200     0.322329    0.036363    0.994426    
37          6         2           98.4300     0.646936    0.022857    0.786476    
37          7         2           98.3700     0.277466    0.026015    1.025522    
37          8         2           98.1700     0.111723    0.053014    1.328089    
37          9         2           98.9700     0.817301    0.029666    0.830331    
38          0         2           98.7100     0.828119    0.029623    0.915311    
38          1         2           98.5500     0.263532    0.028190    1.005945    
38          2         2           98.8000     0.782795    0.034747    0.899899    
38          3         2           98.8900     0.331443    0.029420    1.018812    
38          4         2           98.5300     0.339009    0.031641    1.001581    
38          5         2           98.7300     0.196008    0.036398    1.069239    
38          6         2           98.3600     0.714051    0.022513    0.812473    
38          7         2           98.9200     0.265422    0.024178    1.034769    
38          8         2           98.6700     0.238566    0.034133    1.053660    
38          9         2           98.9200     1.085099    0.029395    0.840500    
39          0         2           97.7900     0.178548    0.032772    1.019475    
39          1         2           98.4600     0.123734    0.037916    1.139072    
39          2         2           98.7300     0.948666    0.034012    0.902657    
39          3         2           98.8900     0.550601    0.029399    1.062669    
39          4         2           98.8500     0.236480    0.032032    1.026379    
39          5         2           98.4600     0.332429    0.034723    0.969818    
39          6         2           98.1800     0.476389    0.022582    0.822056    
39          7         2           98.5700     0.202147    0.020360    1.135522    
39          8         2           98.6400     0.472955    0.034380    1.046764    
39          9         2           98.4500     0.147240    0.057559    1.098590    
40          0         2           98.6000     1.129872    0.026332    0.949156    
40          1         2           98.7800     0.195926    0.025218    0.969945    
40          2         2           98.7100     0.440336    0.030299    0.963806    
40          3         2           98.9700     0.627045    0.028680    1.104567    
40          4         2           98.7000     0.242493    0.033171    1.019326    
40          5         2           98.4000     0.151132    0.035606    1.250236    
40          6         2           98.5400     0.698511    0.025487    0.878793    
40          7         2           98.7600     0.290626    0.027152    1.108937    
40          8         2           98.3900     0.431682    0.034233    1.077819    
40          9         2           99.0100     1.325162    0.029119    0.830882    
41          0         2           98.8900     0.599475    0.027622    0.901107    
41          1         2           98.6200     0.233712    0.036148    1.095123    
41          2         2           98.8800     0.992015    0.034730    0.942613    
41          3         2           98.9100     0.520644    0.026906    1.051790    
41          4         2           98.8400     0.255718    0.026676    1.043529    
41          5         2           98.7800     0.349206    0.030423    0.948854    
41          6         2           97.8000     0.211411    0.030439    0.866917    
41          7         2           98.4900     0.255194    0.020880    0.971746    
41          8         2           98.5200     0.431646    0.030689    1.034496    
41          9         2           98.9600     1.460741    0.089533    1.678203    
42          0         2           98.9000     0.494337    0.028899    0.938171    
42          1         2           98.3400     0.139296    0.035873    1.177152    
42          2         2           98.6000     1.273725    0.033035    0.959595    
42          3         2           98.9500     0.804194    0.029887    1.105138    
42          4         2           98.5800     0.193054    0.028688    1.054541    
42          5         2           98.6300     0.261912    0.029757    1.014761    
42          6         2           98.3800     0.561626    0.015561    0.772866    
42          7         2           98.7200     0.226386    0.023679    1.064705    
42          8         2           98.7100     0.462076    0.034812    1.084435    
42          9         2           98.9800     0.605810    0.029124    0.863482    
43          0         2           98.6600     0.467964    0.036356    1.019542    
43          1         2           97.9500     0.107655    0.053664    1.305585    
43          2         2           98.3000     0.115611    0.049475    1.123111    
43          3         2           98.9000     0.886277    0.029615    1.118710    
43          4         2           98.8300     0.136231    0.027634    1.228212    
43          5         2           98.8100     0.497258    0.030047    0.970012    
43          6         2           98.6100     1.004563    0.027693    0.887898    
43          7         2           98.2300     0.272761    0.024889    1.071155    
43          8         2           98.5300     0.443752    0.033499    1.037778    
43          9         2           98.8900     1.426067    0.032859    0.932150    
44          0         2           98.7500     0.426735    0.035941    1.022623    
44          1         2           97.1300     0.138751    0.031865    1.223807    
44          2         2           98.6000     0.583114    0.029406    0.998028    
44          3         2           98.8900     1.258227    0.026831    1.091506    
44          4         2           98.8300     0.353144    0.025917    1.038521    
44          5         2           98.6700     0.825138    0.034094    1.003919    
44          6         2           98.1900     0.539845    0.020129    0.954061    
44          7         2           96.5500     0.111539    0.032036    1.106199    
44          8         2           98.4900     0.121876    0.045694    1.260896    
44          9         2           98.9900     2.221105    0.028371    0.868037    
45          0         2           98.7700     1.605883    0.031674    0.968208    
45          1         2           98.8000     0.161700    0.035858    1.125914    
45          2         2           98.6900     0.830830    0.031836    0.977237    
45          3         2           98.9400     0.561593    0.030154    1.128069    
45          4         2           98.7100     1.058185    0.025793    0.997104    
45          5         2           98.4500     0.234929    0.030535    1.017167    
45          6         2           89.5700     0.483671    0.041719    1.041450    
45          7         2           98.7200     0.142587    0.036496    1.106845    
45          8         2           98.6100     0.524754    0.030990    1.042040    
45          9         2           98.8500     3.485737    0.030795    0.819601    
46          0         2           98.8400     1.463439    0.034803    0.991848    
46          1         2           98.9200     0.356818    0.034153    1.037952    
46          2         2           98.7400     0.988401    0.035342    1.002359    
46          3         2           99.0000     0.349813    0.032405    1.169142    
46          4         2           98.7900     0.344166    0.028408    1.026338    
46          5         2           98.4400     0.121828    0.042167    1.211635    
46          6         2           98.5100     0.821563    0.024771    0.887130    
46          7         2           98.4500     0.089415    0.028498    1.172840    
46          8         2           98.7100     0.378025    0.035332    1.113469    
46          9         2           98.9100     1.110576    0.026983    0.909985    
47          0         2           98.8500     1.981678    0.034088    1.037847    
47          1         2           98.6000     0.165507    0.043266    1.109133    
47          2         2           98.8900     1.395875    0.039072    1.005173    
47          3         2           98.8600     1.504700    0.028752    1.131857    
47          4         2           98.8600     0.225828    0.030561    1.071110    
47          5         2           98.4200     0.249181    0.043645    1.117919    
47          6         2           95.7400     0.250791    0.024508    0.969774    
47          7         2           98.6900     0.405589    0.020899    0.928453    
47          8         2           98.6700     0.194322    0.051809    1.251002    
47          9         2           98.9900     0.960751    0.029319    0.886886    
48          0         2           98.8600     1.450012    0.029418    0.977081    
48          1         2           97.9900     0.110953    0.046661    1.297175    
48          2         2           98.7300     0.917359    0.035625    0.990422    
48          3         2           98.9300     0.629206    0.030259    1.173633    
48          4         2           98.7900     0.663499    0.029705    1.041500    
48          5         2           98.7700     0.519023    0.031610    1.040719    
48          6         2           98.0200     0.613162    0.023424    0.999670    
48          7         2           98.8600     0.268383    0.027162    1.066722    
48          8         2           98.4000     0.451606    0.033951    1.142292    
48          9         2           98.9300     3.816631    0.031063    0.875125    
49          0         2           98.8700     3.002013    0.029255    0.968273    
49          1         2           98.5500     0.238742    0.025545    1.042810    
49          2         2           98.7700     0.389009    0.037867    1.108627    
49          3         2           98.9300     1.631547    0.030965    1.172496    
49          4         2           98.4700     0.321099    0.030660    1.175546    
49          5         2           98.7900     0.371627    0.033851    1.079530    
49          6         2           97.7400     0.665388    0.024357    0.947250    
49          7         2           98.8100     0.211741    0.025986    1.130104    
49          8         2           98.6600     0.405667    0.032268    1.164422    
49          9         2           99.0000     0.798491    0.032170    0.943845    
50          0         2           98.8300     1.931708    0.033321    1.048756    
50          1         2           98.5600     0.194416    0.048010    1.245713    
50          2         2           98.8600     0.799108    0.038562    0.982735    
50          3         2           98.9300     0.891644    0.031326    1.229503    
50          4         2           98.7800     0.586759    0.029668    1.114297    
50          5         2           98.6600     0.312281    0.044933    1.237183    
50          6         2           98.6200     0.707006    0.024706    0.957707    
50          7         2           98.4400     0.232196    0.031993    1.201809    
50          8         2           98.6700     0.320159    0.032378    1.104518    
50          9         2           98.9500     1.155260    0.032251    0.982883    
