ClientID	NNPass_Train	TrainLoss	NNPass_Test	TestLoss
0	433	0.466071	433	1.554016
0	866	0.229322	866	0.918707
0	1299	0.142641	1299	0.576275
0	1732	0.118770	1732	0.356768
0	2165	0.091475	2165	0.446644
0	2598	0.080532	2598	0.196592
0	3031	0.071435	3031	0.396636
0	3464	0.068463	3464	0.277102
0	3897	0.060663	3897	0.193994
0	4330	0.054042	4330	0.158393
0	4763	0.048253	4763	0.187580
0	5196	0.045487	5196	0.160447
0	5629	0.042922	5629	0.132107
0	6062	0.037767	6062	0.196207
0	6495	0.042486	6495	0.155281
0	6928	0.037535	6928	0.226169
0	7361	0.042056	7361	0.137329
0	7794	0.036111	7794	0.133336
0	8227	0.035727	8227	0.210244
0	8660	0.039820	8660	0.093776
0	9093	0.028703	9093	0.097090
0	9526	0.027891	9526	0.225673
0	9959	0.028002	9959	0.125475
0	10392	0.034082	10392	0.081291
0	10825	0.026381	10825	0.138907
0	11258	0.033799	11258	0.136244
0	11691	0.028854	11691	0.179039
0	12124	0.026074	12124	0.123746
0	12557	0.029210	12557	0.125751
0	12990	0.023027	12990	0.111668
0	13423	0.030441	13423	0.074889
0	13856	0.024933	13856	0.104772
0	14289	0.029482	14289	0.084208
0	14722	0.022129	14722	0.116051
0	15155	0.026560	15155	0.086210
0	15588	0.025911	15588	0.106262
0	16021	0.028725	16021	0.086479
0	16454	0.021441	16454	0.094265
0	16887	0.026037	16887	0.086335
0	17320	0.023872	17320	0.093059
0	17753	0.025453	17753	0.096672
0	18186	0.021293	18186	0.077971
0	18619	0.024565	18619	0.089401
0	19052	0.025829	19052	0.092733
0	19485	0.031034	19485	0.086659
0	19918	0.021550	19918	0.109677
0	20351	0.024461	20351	0.094722
0	20784	0.020321	20784	0.132495
0	21217	0.019852	21217	0.093573
0	21650	0.021437	21650	0.085895
1	320	0.570949	320	3.640603
1	640	0.214930	640	1.395620
1	960	0.120420	960	0.923076
1	1280	0.086123	1280	0.539192
1	1600	0.082196	1600	0.365368
1	1920	0.074295	1920	0.536053
1	2240	0.065138	2240	0.540683
1	2560	0.063192	2560	0.349807
1	2880	0.053735	2880	0.362373
1	3200	0.045159	3200	0.257339
1	3520	0.044134	3520	0.296709
1	3840	0.039616	3840	0.288001
1	4160	0.040003	4160	0.222090
1	4480	0.045428	4480	0.340731
1	4800	0.037426	4800	0.204179
1	5120	0.035376	5120	0.183780
1	5440	0.039180	5440	0.804469
1	5760	0.035489	5760	0.183676
1	6080	0.027880	6080	0.191896
1	6400	0.033352	6400	0.251208
1	6720	0.028856	6720	0.147980
1	7040	0.032719	7040	0.220368
1	7360	0.034253	7360	0.164549
1	7680	0.029109	7680	0.126374
1	8000	0.030527	8000	0.313373
1	8320	0.028958	8320	0.155808
1	8640	0.029676	8640	0.136952
1	8960	0.026174	8960	0.197817
1	9280	0.026261	9280	0.133765
1	9600	0.026598	9600	0.135800
1	9920	0.022877	9920	0.192792
1	10240	0.026086	10240	0.136567
1	10560	0.030134	10560	0.176825
1	10880	0.026015	10880	0.180280
1	11200	0.023751	11200	0.137547
1	11520	0.021642	11520	0.123228
1	11840	0.028411	11840	0.087612
1	12160	0.025463	12160	0.170266
1	12480	0.036678	12480	0.164639
1	12800	0.022729	12800	0.141780
1	13120	0.019730	13120	0.101838
1	13440	0.023262	13440	0.119057
1	13760	0.028123	13760	0.137894
1	14080	0.023372	14080	0.124979
1	14400	0.021217	14400	0.134742
1	14720	0.022046	14720	0.110454
1	15040	0.021512	15040	0.091968
1	15360	0.030576	15360	0.120993
1	15680	0.021272	15680	0.170675
1	16000	0.021400	16000	0.142813
2	521	0.473634	521	2.232049
2	1042	0.210720	1042	1.224527
2	1563	0.132785	1563	0.736328
2	2084	0.097170	2084	0.613621
2	2605	0.082746	2605	0.730987
2	3126	0.081540	3126	0.635588
2	3647	0.068319	3647	0.510866
2	4168	0.064141	4168	0.263588
2	4689	0.058126	4689	0.337279
2	5210	0.056269	5210	0.350123
2	5731	0.053347	5731	0.519186
2	6252	0.046905	6252	0.336647
2	6773	0.045030	6773	0.347968
2	7294	0.044693	7294	0.163186
2	7815	0.044240	7815	0.201560
2	8336	0.039431	8336	0.107340
2	8857	0.043587	8857	0.357757
2	9378	0.031752	9378	0.232846
2	9899	0.034924	9899	0.291505
2	10420	0.032420	10420	0.211238
2	10941	0.028996	10941	0.220048
2	11462	0.032079	11462	0.195952
2	11983	0.028404	11983	0.186286
2	12504	0.029380	12504	0.176712
2	13025	0.032585	13025	0.214775
2	13546	0.029527	13546	0.218852
2	14067	0.026332	14067	0.132719
2	14588	0.035715	14588	0.229198
2	15109	0.029981	15109	0.191936
2	15630	0.028598	15630	0.310478
2	16151	0.022458	16151	0.233702
2	16672	0.036208	16672	0.384437
2	17193	0.021797	17193	0.142705
2	17714	0.020801	17714	0.311196
2	18235	0.023788	18235	0.125051
2	18756	0.021139	18756	0.165080
2	19277	0.029305	19277	0.336559
2	19798	0.021568	19798	0.123043
2	20319	0.023943	20319	0.398556
2	20840	0.027143	20840	0.143493
2	21361	0.022431	21361	0.105536
2	21882	0.027875	21882	0.105573
2	22403	0.029108	22403	0.628092
2	22924	0.021933	22924	0.142119
2	23445	0.021180	23445	0.119951
2	23966	0.019669	23966	0.117227
2	24487	0.021100	24487	0.109719
2	25008	0.018399	25008	0.117463
2	25529	0.020979	25529	0.146580
2	26050	0.019660	26050	0.240501
3	336	0.459409	336	2.705061
3	672	0.165168	672	1.604089
3	1008	0.095323	1008	1.442919
3	1344	0.065793	1344	0.608492
3	1680	0.059921	1680	0.513385
3	2016	0.049936	2016	0.446387
3	2352	0.050747	2352	0.829548
3	2688	0.036061	2688	0.392055
3	3024	0.047355	3024	0.585367
3	3360	0.035699	3360	0.464914
3	3696	0.028288	3696	0.275547
3	4032	0.037589	4032	0.501866
3	4368	0.027424	4368	0.324763
3	4704	0.028273	4704	0.278042
3	5040	0.038770	5040	0.427864
3	5376	0.024267	5376	0.464101
3	5712	0.027574	5712	0.515138
3	6048	0.025473	6048	0.348699
3	6384	0.025547	6384	0.313324
3	6720	0.022844	6720	0.230779
3	7056	0.024627	7056	0.450297
3	7392	0.023992	7392	0.199022
3	7728	0.020577	7728	0.160427
3	8064	0.024724	8064	0.112943
3	8400	0.021500	8400	0.267113
3	8736	0.022422	8736	0.170494
3	9072	0.022522	9072	0.243708
3	9408	0.026828	9408	0.336961
3	9744	0.020145	9744	0.174473
3	10080	0.026044	10080	0.103761
3	10416	0.019711	10416	0.205246
3	10752	0.018386	10752	0.145918
3	11088	0.020750	11088	0.137363
3	11424	0.020578	11424	0.187543
3	11760	0.021089	11760	0.156199
3	12096	0.019481	12096	0.163224
3	12432	0.021838	12432	0.138192
3	12768	0.028135	12768	0.236279
3	13104	0.018852	13104	0.102432
3	13440	0.021507	13440	0.121462
3	13776	0.021006	13776	0.110011
3	14112	0.019181	14112	0.179027
3	14448	0.021016	14448	0.140263
3	14784	0.018652	14784	0.108082
3	15120	0.023064	15120	0.245902
3	15456	0.019029	15456	0.137571
3	15792	0.021335	15792	0.129585
3	16128	0.022151	16128	0.118491
3	16464	0.023319	16464	0.094677
3	16800	0.023093	16800	0.126448
4	267	0.587292	267	2.913321
4	534	0.211868	534	1.545477
4	801	0.110509	801	0.475634
4	1068	0.082980	1068	0.337623
4	1335	0.074984	1335	0.535231
4	1602	0.056355	1602	0.358185
4	1869	0.058079	1869	0.391648
4	2136	0.054227	2136	0.206290
4	2403	0.041928	2403	0.310810
4	2670	0.044229	2670	0.203702
4	2937	0.039955	2937	0.287968
4	3204	0.038640	3204	0.147723
4	3471	0.035446	3471	0.157778
4	3738	0.035463	3738	0.185862
4	4005	0.031340	4005	0.122163
4	4272	0.030870	4272	0.129999
4	4539	0.035828	4539	0.165204
4	4806	0.034247	4806	0.149207
4	5073	0.028320	5073	0.136539
4	5340	0.044321	5340	0.372117
4	5607	0.023857	5607	0.123295
4	5874	0.024692	5874	0.157634
4	6141	0.027898	6141	0.105438
4	6408	0.034361	6408	0.102168
4	6675	0.026109	6675	0.111581
4	6942	0.026706	6942	0.188899
4	7209	0.025076	7209	0.094197
4	7476	0.033645	7476	0.188359
4	7743	0.022030	7743	0.114780
4	8010	0.023526	8010	0.102561
4	8277	0.023410	8277	0.107422
4	8544	0.026451	8544	0.073509
4	8811	0.023950	8811	0.087722
4	9078	0.022452	9078	0.129575
4	9345	0.028556	9345	0.105892
4	9612	0.024746	9612	0.104279
4	9879	0.024256	9879	0.072347
4	10146	0.020922	10146	0.078416
4	10413	0.020175	10413	0.086279
4	10680	0.020163	10680	0.112484
4	10947	0.023390	10947	0.068045
4	11214	0.026920	11214	0.098054
4	11481	0.024601	11481	0.065454
4	11748	0.025929	11748	0.077771
4	12015	0.022737	12015	0.071084
4	12282	0.027256	12282	0.068663
4	12549	0.027404	12549	0.091742
4	12816	0.020424	12816	0.068084
4	13083	0.027961	13083	0.143869
4	13350	0.020206	13350	0.073191
