GlobalRnd   ClientID  LocEpoch    Accuracy    LR          Loss        GradNorm    
1           0         10          9.7400      0.004148    0.000000    0.007591    
1           1         10          11.3500     0.000277    0.000001    0.002532    
1           2         10          8.9200      0.000246    0.000001    0.003568    
1           3         10          9.8000      0.000283    0.000000    0.003664    
1           4         10          10.2800     0.002175    0.000000    0.003194    
1           5         10          10.3200     0.000230    0.000000    0.003721    
1           6         10          10.0900     0.000000    0.000000    0.007522    
1           7         10          9.8200      0.000831    0.000000    0.003116    
1           8         10          10.1000     0.003957    0.000000    0.007073    
1           9         10          9.5800      0.000263    0.000000    0.003128    
2           0         10          9.7400      0.000212    0.000001    0.070460    
2           1         10          11.3500     0.000223    0.000001    0.070271    
2           2         10          8.9200      0.000186    0.000001    0.090842    
2           3         10          9.8000      0.000144    0.000001    0.075465    
2           4         10          10.2800     0.000281    0.000001    0.052624    
2           5         10          10.3200     0.000264    0.000001    0.093373    
2           6         10          10.0900     0.000311    0.000001    0.836459    
2           7         10          9.8200      0.000124    0.000002    0.061782    
2           8         10          10.1000     0.000229    0.000001    0.044088    
2           9         10          9.5800      0.000227    0.000001    0.072188    
3           0         10          9.7400      0.000238    0.000001    0.317210    
3           1         10          11.3500     0.000193    0.000002    0.183917    
3           2         10          8.9200      0.000167    0.000001    0.238136    
3           3         10          9.8000      0.000211    0.000001    0.230866    
3           4         10          10.2800     0.000240    0.000001    0.145059    
3           5         10          10.3200     0.000273    0.000001    0.194800    
3           6         10          10.0900     0.000249    0.000001    0.140613    
3           7         10          9.8200      0.000227    0.000001    0.330823    
3           8         10          10.1000     0.000301    0.000001    0.221659    
3           9         10          9.5800      0.000255    0.000001    0.292393    
4           0         10          9.7400      0.000256    0.000001    0.248671    
4           1         10          11.3500     0.000258    0.000001    0.193787    
4           2         10          8.9200      0.000168    0.000001    0.360822    
4           3         10          9.8000      0.000189    0.000001    0.227544    
4           4         10          10.2800     0.000288    0.000001    0.151525    
4           5         10          10.3200     0.000328    0.000001    0.256361    
4           6         10          10.0900     0.000299    0.000001    0.238687    
4           7         10          9.8200      0.000229    0.000001    0.305291    
4           8         10          10.1000     0.000285    0.000001    0.284388    
4           9         10          9.5800      0.000202    0.000001    0.293156    
5           0         10          9.7400      0.000220    0.000001    0.275365    
5           1         10          11.3500     0.000184    0.000002    0.197183    
5           2         10          8.9200      0.000276    0.000001    0.357392    
5           3         10          9.8000      0.000158    0.000001    0.271463    
5           4         10          10.2800     0.000173    0.000001    0.274346    
5           5         10          10.3200     0.000213    0.000001    0.211521    
5           6         10          10.0900     0.000177    0.000001    0.209807    
5           7         10          9.8200      0.000238    0.000001    0.261690    
5           8         10          10.1000     0.000192    0.000001    0.218698    
5           9         10          9.5800      0.000347    0.000001    0.241147    
6           0         10          9.7400      0.000183    0.000001    0.264971    
6           1         10          11.3500     0.000287    0.000001    0.163329    
6           2         10          8.9200      0.000123    0.000001    0.373469    
6           3         10          9.8000      0.000239    0.000001    0.257176    
6           4         10          10.2800     0.000365    0.000001    0.317292    
6           5         10          10.3200     0.000219    0.000001    0.243268    
6           6         10          10.0900     0.000167    0.000001    0.300156    
6           7         10          9.8200      0.000180    0.000001    0.250662    
6           8         10          10.1000     0.000132    0.000001    0.271065    
6           9         10          9.5800      0.000132    0.000001    0.272720    
7           0         10          9.7400      0.000180    0.000001    0.236245    
7           1         10          11.3500     0.000204    0.000002    0.168606    
7           2         10          8.9200      0.000237    0.000001    0.298409    
7           3         10          9.8000      0.000159    0.000001    0.166633    
7           4         10          10.2800     0.000197    0.000001    0.128841    
7           5         10          10.3200     0.000180    0.000001    0.262509    
7           6         10          10.0900     0.000211    0.000001    0.203674    
7           7         10          9.8200      0.000192    0.000001    0.560313    
7           8         10          10.1000     0.000134    0.000001    0.434218    
7           9         10          9.5800      0.000138    0.000001    0.216340    
8           0         10          9.7400      0.000166    0.000001    0.317111    
8           1         10          11.3500     0.000186    0.000001    0.210152    
8           2         10          8.9200      0.000131    0.000001    0.268106    
8           3         10          9.8000      0.000183    0.000001    0.272835    
8           4         10          10.2800     0.000221    0.000001    0.217738    
8           5         10          10.3200     0.000206    0.000000    0.272571    
8           6         10          10.0900     0.000184    0.000001    0.285475    
8           7         10          9.8200      0.000221    0.000001    0.215968    
8           8         10          10.1000     0.000149    0.000001    0.423457    
8           9         10          9.5800      0.000297    0.000001    0.186631    
9           0         10          9.7400      0.000158    0.000001    0.320104    
9           1         10          11.3500     0.000241    0.000001    0.190753    
9           2         10          8.9200      0.000104    0.000001    0.308324    
9           3         10          9.8000      0.000136    0.000001    0.170902    
9           4         10          10.2800     0.000233    0.000001    0.278482    
9           5         10          10.3200     0.000110    0.000001    0.215978    
9           6         10          10.0900     0.000208    0.000001    0.285672    
9           7         10          9.8200      0.000163    0.000001    0.154719    
9           8         10          10.1000     0.000126    0.000001    0.191432    
9           9         10          9.5800      0.000128    0.000001    0.179687    
10          0         10          9.7400      0.000145    0.000001    0.258584    
10          1         10          11.3500     0.000106    0.000002    0.136964    
10          2         10          8.9200      0.000151    0.000001    0.363045    
10          3         10          9.8000      0.000195    0.000001    0.300943    
10          4         10          10.2800     0.000122    0.000001    0.226959    
10          5         10          10.3200     0.000117    0.000001    0.373106    
10          6         10          10.0900     0.000191    0.000001    0.232342    
10          7         10          9.8200      0.000277    0.000000    0.257072    
10          8         10          10.1000     0.000174    0.000001    0.197218    
10          9         10          9.5800      0.000110    0.000001    0.319167    
11          0         10          9.7400      0.000194    0.000000    0.413473    
11          1         10          11.3500     0.000176    0.000002    0.307470    
11          2         10          8.9200      0.000110    0.000001    0.255984    
11          3         10          9.8000      0.000141    0.000001    0.267175    
11          4         10          10.2800     0.000265    0.000001    0.384237    
11          5         10          10.3200     0.000167    0.000000    0.516385    
11          6         10          10.0900     0.000136    0.000001    0.222434    
11          7         10          9.8200      0.000121    0.000001    0.346547    
11          8         10          10.1000     0.000168    0.000000    0.291440    
11          9         10          9.5800      0.000078    0.000001    0.562134    
12          0         10          9.7400      0.000204    0.000001    0.272713    
12          1         10          11.3500     0.000165    0.000001    0.240348    
12          2         10          8.9200      0.000129    0.000001    0.452325    
12          3         10          9.8000      0.000109    0.000001    0.399763    
12          4         10          10.2800     0.000245    0.000000    0.159018    
12          5         10          10.3200     0.000163    0.000000    0.257560    
12          6         10          10.0900     0.000136    0.000000    0.291730    
12          7         10          9.8200      0.000139    0.000001    0.247425    
12          8         10          10.1000     0.000149    0.000001    0.191108    
12          9         10          9.5800      0.000152    0.000001    0.369679    
13          0         10          9.7400      0.000079    0.000001    0.438821    
13          1         10          11.3500     0.000166    0.000001    0.286712    
13          2         10          8.9200      0.000082    0.000001    0.328397    
13          3         10          9.8000      0.000149    0.000001    0.192252    
13          4         10          10.2800     0.000155    0.000001    0.141213    
13          5         10          10.3200     0.000169    0.000001    0.346787    
13          6         10          10.0900     0.000149    0.000001    0.358087    
13          7         10          9.8200      0.000184    0.000000    0.230401    
13          8         10          10.1000     0.000228    0.000000    0.329421    
13          9         10          9.5800      0.000138    0.000001    0.291404    
14          0         10          9.7400      0.000159    0.000001    0.349794    
14          1         10          11.3500     0.000178    0.000001    0.173666    
14          2         10          8.9200      0.000092    0.000001    0.260117    
14          3         10          9.8000      0.000117    0.000001    0.211361    
14          4         10          10.2800     0.000118    0.000001    0.294673    
14          5         10          10.3200     0.000122    0.000000    0.314581    
14          6         10          10.0900     0.000172    0.000000    0.275848    
14          7         10          9.8200      0.000099    0.000001    0.159718    
14          8         10          10.1000     0.000131    0.000001    0.132127    
14          9         10          9.5800      0.000149    0.000001    0.329194    
15          0         10          9.7400      0.000175    0.000001    0.267149    
15          1         10          11.3500     0.000191    0.000001    0.141990    
15          2         10          8.9200      0.000109    0.000001    0.380283    
15          3         10          9.8000      0.000096    0.000001    0.196696    
15          4         10          10.2800     0.000190    0.000001    0.324304    
15          5         10          10.3200     0.000112    0.000000    0.258470    
15          6         10          10.0900     0.000131    0.000000    0.251582    
15          7         10          9.8200      0.000141    0.000001    0.423374    
15          8         10          10.1000     0.000198    0.000000    0.214510    
15          9         10          9.5800      0.000175    0.000001    0.192824    
16          0         10          9.7400      0.000197    0.000000    0.373931    
16          1         10          11.3500     0.000212    0.000001    0.232344    
16          2         10          8.9200      0.000155    0.000001    0.271072    
16          3         10          9.8000      0.000201    0.000000    0.290936    
16          4         10          10.2800     0.000202    0.000001    0.153916    
16          5         10          10.3200     0.000073    0.000001    0.321172    
16          6         10          10.0900     0.000146    0.000001    0.293787    
16          7         10          9.8200      0.000160    0.000001    0.317818    
16          8         10          10.1000     0.000147    0.000000    0.237778    
16          9         10          9.5800      0.000165    0.000000    0.150636    
17          0         10          9.7400      0.000101    0.000001    0.287713    
17          1         10          11.3500     0.000199    0.000001    0.258302    
17          2         10          8.9200      0.000124    0.000001    0.657506    
17          3         10          9.8000      0.000111    0.000001    0.220638    
17          4         10          10.2800     0.000166    0.000001    0.483264    
17          5         10          10.3200     0.000117    0.000000    0.472318    
17          6         10          10.0900     0.000192    0.000000    0.193003    
17          7         10          9.8200      0.000135    0.000000    0.188823    
17          8         10          10.1000     0.000109    0.000001    0.229434    
17          9         10          9.5800      0.000165    0.000000    0.156473    
18          0         10          9.7400      0.000173    0.000000    0.243578    
18          1         10          11.3500     0.000280    0.000001    0.138425    
18          2         10          8.9200      0.000170    0.000001    0.435110    
18          3         10          9.8000      0.000114    0.000001    0.180412    
18          4         10          10.2800     0.000107    0.000001    0.220731    
18          5         10          10.3200     0.000183    0.000000    0.421537    
18          6         10          10.0900     0.000151    0.000000    0.209390    
18          7         10          9.8200      0.000142    0.000001    0.308325    
18          8         10          10.1000     0.000182    0.000000    0.337961    
18          9         10          9.5800      0.000171    0.000001    0.214357    
19          0         10          9.7400      0.000080    0.000001    0.247354    
19          1         10          11.3500     0.000240    0.000001    0.291482    
19          2         10          8.9200      0.000170    0.000000    0.163093    
19          3         10          9.8000      0.000165    0.000000    0.343867    
19          4         10          10.2800     0.000184    0.000001    0.263799    
19          5         10          10.3200     0.000091    0.000001    0.328169    
19          6         10          10.0900     0.000118    0.000000    0.400016    
19          7         10          9.8200      0.000142    0.000000    0.309642    
19          8         10          10.1000     0.000145    0.000000    0.190252    
19          9         10          9.5800      0.000103    0.000001    0.231173    
20          0         10          9.7400      0.000176    0.000000    0.396343    
20          1         10          11.3500     0.000191    0.000001    0.130029    
20          2         10          8.9200      0.000157    0.000000    0.333084    
20          3         10          9.8000      0.000112    0.000001    0.216651    
20          4         10          10.2800     0.000173    0.000000    0.157752    
20          5         10          10.3200     0.000102    0.000000    0.367125    
20          6         10          10.0900     0.000138    0.000000    0.350444    
20          7         10          9.8200      0.000153    0.000000    0.216125    
20          8         10          10.1000     0.000257    0.000000    0.388097    
20          9         10          9.5800      0.000089    0.000001    0.296228    
21          0         10          9.7400      0.000097    0.000001    0.227053    
21          1         10          11.3500     0.000248    0.000001    0.253612    
21          2         10          8.9200      0.000113    0.000001    0.372196    
21          3         10          9.8000      0.000158    0.000000    0.231666    
21          4         10          10.2800     0.000160    0.000001    0.205877    
21          5         10          10.3200     0.000112    0.000000    0.448090    
21          6         10          10.0900     0.000135    0.000000    0.436247    
21          7         10          9.8200      0.000130    0.000000    0.305805    
21          8         10          10.1000     0.000118    0.000001    0.218152    
21          9         10          9.5800      0.000152    0.000000    0.326512    
22          0         10          9.7400      0.000154    0.000000    0.251337    
22          1         10          11.3500     0.000121    0.000001    0.243153    
22          2         10          8.9200      0.000114    0.000001    0.650492    
22          3         10          9.8000      0.000154    0.000000    0.227862    
22          4         10          10.2800     0.000125    0.000001    0.234186    
22          5         10          10.3200     0.000079    0.000000    0.312766    
22          6         10          10.0900     0.000124    0.000000    0.191745    
22          7         10          9.8200      0.000136    0.000000    0.444757    
22          8         10          10.1000     0.000128    0.000000    0.268916    
22          9         10          9.5800      0.000189    0.000000    0.235835    
23          0         10          9.7400      0.000131    0.000000    0.202576    
23          1         10          11.3500     0.000231    0.000001    0.244769    
23          2         10          8.9200      0.000129    0.000000    0.208279    
23          3         10          9.8000      0.000095    0.000001    0.183734    
23          4         10          10.2800     0.000137    0.000001    0.316806    
23          5         10          10.3200     0.000085    0.000000    0.471292    
23          6         10          10.0900     0.000108    0.000000    0.240850    
23          7         10          9.8200      0.000130    0.000000    0.276428    
23          8         10          10.1000     0.000107    0.000001    0.284961    
23          9         10          9.5800      0.000202    0.000000    0.394443    
24          0         10          9.7400      0.000094    0.000000    0.609982    
24          1         10          11.3500     0.000144    0.000001    0.183876    
24          2         10          8.9200      0.000086    0.000001    0.253795    
24          3         10          9.8000      0.000101    0.000001    0.294659    
24          4         10          10.2800     0.000116    0.000001    0.290716    
24          5         10          10.3200     0.000087    0.000000    0.408342    
24          6         10          10.0900     0.000093    0.000000    0.398418    
24          7         10          9.8200      0.000129    0.000000    0.299543    
24          8         10          10.1000     0.000072    0.000001    0.321269    
24          9         10          9.5800      0.000146    0.000000    0.172108    
25          0         10          9.7400      0.000122    0.000000    0.395005    
25          1         10          11.3500     0.000275    0.000001    0.203524    
25          2         10          8.9200      0.000174    0.000000    0.365636    
25          3         10          9.8000      0.000081    0.000001    0.280615    
25          4         10          10.2800     0.000083    0.000001    0.305493    
25          5         10          10.3200     0.000094    0.000000    0.279179    
25          6         10          10.0900     0.000230    0.000000    0.210769    
25          7         10          9.8200      0.000184    0.000000    0.392932    
25          8         10          10.1000     0.000097    0.000001    0.243402    
25          9         10          9.5800      0.000260    0.000000    0.196467    
26          0         10          9.7400      0.000090    0.000001    0.214434    
26          1         10          11.3500     0.000196    0.000001    0.172007    
26          2         10          8.9200      0.000118    0.000000    0.411953    
26          3         10          9.8000      0.000081    0.000000    0.210147    
26          4         10          10.2800     0.000093    0.000001    0.445307    
26          5         10          10.3200     0.000088    0.000000    0.194212    
26          6         10          10.0900     0.000112    0.000000    0.184940    
26          7         10          9.8200      0.000081    0.000001    0.162369    
26          8         10          10.1000     0.000103    0.000001    0.192637    
26          9         10          9.5800      0.000148    0.000000    0.177542    
27          0         10          9.7400      0.000163    0.000000    0.536011    
27          1         10          11.3500     0.000157    0.000001    0.152385    
27          2         10          8.9200      0.000119    0.000000    0.336463    
27          3         10          9.8000      0.000143    0.000000    0.246680    
27          4         10          10.2800     0.000183    0.000000    0.461170    
27          5         10          10.3200     0.000111    0.000000    0.431534    
27          6         10          10.0900     0.000119    0.000000    0.297910    
27          7         10          9.8200      0.000146    0.000000    0.218741    
27          8         10          10.1000     0.000131    0.000000    0.309160    
27          9         10          9.5800      0.000133    0.000001    0.282124    
28          0         10          9.7400      0.000387    0.000000    0.218147    
28          1         10          11.3500     0.000152    0.000001    0.214707    
28          2         10          8.9200      0.000111    0.000000    0.278664    
28          3         10          9.8000      0.000095    0.000000    0.315102    
28          4         10          10.2800     0.000147    0.000000    0.236336    
28          5         10          10.3200     0.000126    0.000000    0.444000    
28          6         10          10.0900     0.000060    0.000001    0.200146    
28          7         10          9.8200      0.000147    0.000000    0.277924    
28          8         10          10.1000     0.000112    0.000000    0.213367    
28          9         10          9.5800      0.000159    0.000000    0.333889    
29          0         10          9.7400      0.000165    0.000000    0.200136    
29          1         10          11.3500     0.000140    0.000001    0.225184    
29          2         10          8.9200      0.000056    0.000001    0.613904    
29          3         10          9.8000      0.000128    0.000000    0.188173    
29          4         10          10.2800     0.000133    0.000001    0.259926    
29          5         10          10.3200     0.000102    0.000000    0.393749    
29          6         10          10.0900     0.000188    0.000000    0.312188    
29          7         10          9.8200      0.000086    0.000001    0.319047    
29          8         10          10.1000     0.000169    0.000000    0.340598    
29          9         10          9.5800      0.000118    0.000000    0.299967    
30          0         10          9.7400      0.000102    0.000000    0.254411    
30          1         10          11.3500     0.000271    0.000001    0.329157    
30          2         10          8.9200      0.000101    0.000001    0.382800    
30          3         10          9.8000      0.000186    0.000000    0.239575    
30          4         10          10.2800     0.000160    0.000000    0.327578    
30          5         10          10.3200     0.000121    0.000000    0.516778    
30          6         10          10.0900     0.000177    0.000000    0.259801    
30          7         10          9.8200      0.000093    0.000001    0.306598    
30          8         10          10.1000     0.000132    0.000000    0.186184    
30          9         10          9.5800      0.000158    0.000000    0.288564    
31          0         10          9.7400      0.000126    0.000000    0.505312    
31          1         10          11.3500     0.000219    0.000001    0.126445    
31          2         10          8.9200      0.000121    0.000000    0.219540    
31          3         10          9.8000      0.000121    0.000000    0.121285    
31          4         10          10.2800     0.000293    0.000000    0.235210    
31          5         10          10.3200     0.000074    0.000000    0.367650    
31          6         10          10.0900     0.000173    0.000000    0.278651    
31          7         10          9.8200      0.000107    0.000001    0.458135    
31          8         10          10.1000     0.000127    0.000000    0.213251    
31          9         10          9.5800      0.000131    0.000000    0.193178    
32          0         10          9.7400      0.000039    0.000001    0.361628    
32          1         10          11.3500     0.000111    0.000001    0.110700    
32          2         10          8.9200      0.000105    0.000001    0.435237    
32          3         10          9.8000      0.000134    0.000000    0.213588    
32          4         10          10.2800     0.000103    0.000001    0.190900    
32          5         10          10.3200     0.000111    0.000000    0.647591    
32          6         10          10.0900     0.000090    0.000000    0.390449    
32          7         10          9.8200      0.000074    0.000001    0.337966    
32          8         10          10.1000     0.000152    0.000000    0.262012    
32          9         10          9.5800      0.000104    0.000000    0.324303    
33          0         10          9.7400      0.000095    0.000000    0.519592    
33          1         10          11.3500     0.000184    0.000001    0.213005    
33          2         10          8.9200      0.000082    0.000001    0.487846    
33          3         10          9.8000      0.000077    0.000001    0.416247    
33          4         10          10.2800     0.000148    0.000000    0.304907    
33          5         10          10.3200     0.000143    0.000000    0.274547    
33          6         10          10.0900     0.000092    0.000000    0.276408    
33          7         10          9.8200      0.000142    0.000000    0.341274    
33          8         10          10.1000     0.000096    0.000000    0.198805    
33          9         10          9.5800      0.000227    0.000000    0.203175    
34          0         10          9.7400      0.000101    0.000000    0.387420    
34          1         10          11.3500     0.000183    0.000001    0.156614    
34          2         10          8.9200      0.000209    0.000000    0.314466    
34          3         10          9.8000      0.000099    0.000001    0.326271    
34          4         10          10.2800     0.000242    0.000000    0.205440    
34          5         10          10.3200     0.000122    0.000000    0.361364    
34          6         10          10.0900     0.000107    0.000000    0.374948    
34          7         10          9.8200      0.000069    0.000001    0.331403    
34          8         10          10.1000     0.000091    0.000000    0.290022    
34          9         10          9.5800      0.000105    0.000000    0.375189    
35          0         10          9.7400      0.000141    0.000000    0.223546    
35          1         10          11.3500     0.000197    0.000000    0.260457    
35          2         10          8.9200      0.000194    0.000000    0.287465    
35          3         10          9.8000      0.000160    0.000000    0.314053    
35          4         10          10.2800     0.000189    0.000000    0.160355    
35          5         10          10.3200     0.000083    0.000000    0.224941    
35          6         10          10.0900     0.000184    0.000000    0.235486    
35          7         10          9.8200      0.000126    0.000000    0.461606    
35          8         10          10.1000     0.000135    0.000000    0.256944    
35          9         10          9.5800      0.000130    0.000000    0.201458    
36          0         10          9.7400      0.000074    0.000000    0.329076    
36          1         10          11.3500     0.000120    0.000001    0.116746    
36          2         10          8.9200      0.000102    0.000000    0.402656    
36          3         10          9.8000      0.000088    0.000001    0.152786    
36          4         10          10.2800     0.000269    0.000000    0.194657    
36          5         10          10.3200     0.000072    0.000000    0.349296    
36          6         10          10.0900     0.000065    0.000000    0.208472    
36          7         10          9.8200      0.000053    0.000001    0.199300    
36          8         10          10.1000     0.000139    0.000000    0.250310    
36          9         10          9.5800      0.000081    0.000001    0.285262    
37          0         10          9.7400      0.000113    0.000000    0.412239    
37          1         10          11.3500     0.000111    0.000001    0.174886    
37          2         10          8.9200      0.000155    0.000000    0.292073    
37          3         10          9.8000      0.000131    0.000000    0.227192    
37          4         10          10.2800     0.000105    0.000001    0.225756    
37          5         10          10.3200     0.000156    0.000000    0.395616    
37          6         10          10.0900     0.000088    0.000000    0.285585    
37          7         10          9.8200      0.000094    0.000000    0.205888    
37          8         10          10.1000     0.000105    0.000000    0.192039    
37          9         10          9.5800      0.000131    0.000000    0.615762    
38          0         10          9.7400      0.000172    0.000000    0.663445    
38          1         10          11.3500     0.000170    0.000001    0.501529    
38          2         10          8.9200      0.000163    0.000000    0.278692    
38          3         10          9.8000      0.000138    0.000000    0.301615    
38          4         10          10.2800     0.000176    0.000000    0.348426    
38          5         10          10.3200     0.000093    0.000000    0.233481    
38          6         10          10.0900     0.000081    0.000000    0.321532    
38          7         10          9.8200      0.000109    0.000000    0.199362    
38          8         10          10.1000     0.000052    0.000001    0.354635    
38          9         10          9.5800      0.000148    0.000000    0.311737    
39          0         10          9.7400      0.000116    0.000000    0.228584    
39          1         10          11.3500     0.000149    0.000001    0.149516    
39          2         10          8.9200      0.000191    0.000000    0.216857    
39          3         10          9.8000      0.000139    0.000000    0.111375    
39          4         10          10.2800     0.000195    0.000000    0.540611    
39          5         10          10.3200     0.000126    0.000000    0.466379    
39          6         10          10.0900     0.000084    0.000000    0.404596    
39          7         10          9.8200      0.000138    0.000000    0.255306    
39          8         10          10.1000     0.000101    0.000000    0.371224    
39          9         10          9.5800      0.000129    0.000000    0.268192    
40          0         10          9.7400      0.000123    0.000000    0.531817    
40          1         10          11.3500     0.000153    0.000001    0.199990    
40          2         10          8.9200      0.000130    0.000000    0.428680    
40          3         10          9.8000      0.000091    0.000000    0.168506    
40          4         10          10.2800     0.000226    0.000000    0.235460    
40          5         10          10.3200     0.000130    0.000000    0.391044    
40          6         10          10.0900     0.000178    0.000000    0.285456    
40          7         10          9.8200      0.000139    0.000000    0.272827    
40          8         10          10.1000     0.000087    0.000000    0.432604    
40          9         10          9.5800      0.000083    0.000001    0.220391    
41          0         10          9.7400      0.000095    0.000000    0.492424    
41          1         10          11.3500     0.000141    0.000001    0.150554    
41          2         10          8.9200      0.000099    0.000000    0.263690    
41          3         10          9.8000      0.000124    0.000000    0.206462    
41          4         10          10.2800     0.000177    0.000000    0.326646    
41          5         10          10.3200     0.000112    0.000000    0.358702    
41          6         10          10.0900     0.000083    0.000000    0.217487    
41          7         10          9.8200      0.000154    0.000000    0.310576    
41          8         10          10.1000     0.000104    0.000000    0.287643    
41          9         10          9.5800      0.000091    0.000001    0.237593    
42          0         10          9.7400      0.000188    0.000000    0.703428    
42          1         10          11.3500     0.000167    0.000001    0.155877    
42          2         10          8.9200      0.000054    0.000001    0.382440    
42          3         10          9.8000      0.000079    0.000000    0.188387    
42          4         10          10.2800     0.000116    0.000000    0.299507    
42          5         10          10.3200     0.000042    0.000001    0.329937    
42          6         10          10.0900     0.000071    0.000000    0.265282    
42          7         10          9.8200      0.000132    0.000000    0.306399    
42          8         10          10.1000     0.000122    0.000000    0.275355    
42          9         10          9.5800      0.000070    0.000001    0.301814    
43          0         10          9.7400      0.000075    0.000000    0.260513    
43          1         10          11.3500     0.000060    0.000002    0.191582    
43          2         10          8.9200      0.000058    0.000001    0.524758    
43          3         10          9.8000      0.000106    0.000000    0.265049    
43          4         10          10.2800     0.000088    0.000001    0.174773    
43          5         10          10.3200     0.000118    0.000000    0.586445    
43          6         10          10.0900     0.000068    0.000000    0.268320    
43          7         10          9.8200      0.000060    0.000000    0.230263    
43          8         10          10.1000     0.000097    0.000000    0.265182    
43          9         10          9.5800      0.000115    0.000000    0.383597    
44          0         10          9.7400      0.000059    0.000001    0.333164    
44          1         10          11.3500     0.000153    0.000001    0.379054    
44          2         10          8.9200      0.000106    0.000000    0.670558    
44          3         10          9.8000      0.000070    0.000000    0.158631    
44          4         10          10.2800     0.000072    0.000001    0.316666    
44          5         10          10.3200     0.000157    0.000000    0.230104    
44          6         10          10.0900     0.000111    0.000000    0.434350    
44          7         10          9.8200      0.000112    0.000000    0.398040    
44          8         10          10.1000     0.000087    0.000000    0.310381    
44          9         10          9.5800      0.000118    0.000000    0.261157    
45          0         10          9.7400      0.000138    0.000000    0.255091    
45          1         10          11.3500     0.000123    0.000001    0.152764    
45          2         10          8.9200      0.000097    0.000000    0.479425    
45          3         10          9.8000      0.000050    0.000001    0.280882    
45          4         10          10.2800     0.000111    0.000000    0.405265    
45          5         10          10.3200     0.000083    0.000000    0.249455    
45          6         10          10.0900     0.000134    0.000000    0.282955    
45          7         10          9.8200      0.000109    0.000000    0.230549    
45          8         10          10.1000     0.000082    0.000000    0.376325    
45          9         10          9.5800      0.000085    0.000000    0.309613    
46          0         10          9.7400      0.000147    0.000000    0.269565    
46          1         10          11.3500     0.000195    0.000001    0.134889    
46          2         10          8.9200      0.000084    0.000000    0.352337    
46          3         10          9.8000      0.000138    0.000000    0.252199    
46          4         10          10.2800     0.000162    0.000000    0.347194    
46          5         10          10.3200     0.000156    0.000000    0.395314    
46          6         10          10.0900     0.000124    0.000000    0.517496    
46          7         10          9.8200      0.000098    0.000000    0.394025    
46          8         10          10.1000     0.000145    0.000000    0.580837    
46          9         10          9.5800      0.000120    0.000000    0.313378    
47          0         10          9.7400      0.000133    0.000000    0.476967    
47          1         10          11.3500     0.000162    0.000001    0.400075    
47          2         10          8.9200      0.000082    0.000000    0.351534    
47          3         10          9.8000      0.000069    0.000000    0.208489    
47          4         10          10.2800     0.000221    0.000000    0.196385    
47          5         10          10.3200     0.000128    0.000000    0.224972    
47          6         10          10.0900     0.000108    0.000000    0.295956    
47          7         10          9.8200      0.000075    0.000000    0.254608    
47          8         10          10.1000     0.000091    0.000000    0.314160    
47          9         10          9.5800      0.000086    0.000000    0.211932    
48          0         10          9.7400      0.000044    0.000001    0.301074    
48          1         10          11.3500     0.000172    0.000001    0.169210    
48          2         10          8.9200      0.000160    0.000000    0.483708    
48          3         10          9.8000      0.000111    0.000000    0.127233    
48          4         10          10.2800     0.000091    0.000001    0.191220    
48          5         10          10.3200     0.000097    0.000000    0.382434    
48          6         10          10.0900     0.000070    0.000000    0.349907    
48          7         10          9.8200      0.000142    0.000000    0.527175    
48          8         10          10.1000     0.000047    0.000001    0.232520    
48          9         10          9.5800      0.000127    0.000000    0.298950    
49          0         10          9.7400      0.000043    0.000001    0.616112    
49          1         10          11.3500     0.000229    0.000000    0.202694    
49          2         10          8.9200      0.000124    0.000000    0.254152    
49          3         10          9.8000      0.000066    0.000001    0.146058    
49          4         10          10.2800     0.000158    0.000000    0.318015    
49          5         10          10.3200     0.000140    0.000000    0.298637    
49          6         10          10.0900     0.000138    0.000000    0.332251    
49          7         10          9.8200      0.000092    0.000000    0.464317    
49          8         10          10.1000     0.000075    0.000000    0.282877    
49          9         10          9.5800      0.000117    0.000000    0.274164    
50          0         10          9.7400      0.000110    0.000000    0.751551    
50          1         10          11.3500     0.000369    0.000000    0.230181    
50          2         10          8.9200      0.000053    0.000001    0.255490    
50          3         10          9.8000      0.000067    0.000001    0.207088    
50          4         10          10.2800     0.000315    0.000000    0.190230    
50          5         10          10.3200     0.000080    0.000000    0.331419    
50          6         10          10.0900     0.000157    0.000000    0.261739    
50          7         10          9.8200      0.000150    0.000000    0.411911    
50          8         10          10.1000     0.000149    0.000000    0.357045    
50          9         10          9.5800      0.000093    0.000000    0.260031    
