GlobalRnd   ClientID  LocEpoch    Accuracy    LR          Loss        GradNorm    
1           0         1           9.8000      0.324403    1.591924    2.026455    
1           1         1           9.8000      0.422058    1.349650    3.092915    
1           2         1           9.7400      0.412646    2.155542    4.999776    
1           3         1           10.3200     0.173969    1.535898    2.754670    
1           4         1           9.8000      0.344035    1.647234    4.750885    
1           5         1           10.2800     0.654062    1.760601    3.091376    
1           6         1           11.8400     0.308284    1.824052    1.820242    
1           7         1           12.2600     0.472397    1.906033    1.663318    
1           8         1           23.7600     0.260245    1.564415    2.519786    
1           9         1           9.5800      0.791562    1.707856    1.699534    
1           10        1           10.1000     0.207610    0.560837    1.568659    
1           11        1           19.4100     0.137278    1.566172    3.470065    
1           12        1           18.1100     0.170076    1.314414    2.824250    
1           13        1           8.9200      0.167606    1.246956    2.950809    
1           14        1           10.2800     0.381927    1.612663    2.069309    
1           15        1           10.5900     0.226527    1.981269    6.059021    
1           16        1           9.5800      1.062500    2.096758    2.148434    
1           17        1           19.3000     0.188972    1.472335    3.235739    
1           18        1           10.2800     0.349236    1.674313    2.895112    
1           19        1           11.3500     0.361039    1.711564    2.029055    
1           20        1           10.0900     0.211083    1.690859    3.705136    
1           21        1           11.3500     0.381927    1.756298    2.090241    
1           22        1           10.9100     0.791562    1.878136    1.452304    
1           23        1           10.1800     0.218617    1.660051    3.109304    
1           24        1           9.5800      0.202115    0.749300    2.233704    
1           25        1           19.1200     0.195920    1.899250    2.927560    
1           26        1           9.7400      0.148608    1.264054    3.655639    
1           27        1           9.7400      0.412646    1.796098    1.632815    
1           28        1           9.5800      0.316459    1.351100    2.358452    
1           29        1           10.0900     0.359160    1.962737    2.641562    
1           30        1           10.0900     0.253956    1.696975    2.175164    
1           31        1           10.3200     0.370737    1.697616    2.598343    
1           32        1           8.9200      0.145991    1.306602    3.104499    
1           33        1           10.0900     0.215798    1.887549    4.353867    
1           34        1           13.5800     0.370038    1.867147    1.616297    
1           35        1           14.8900     0.238191    1.581346    3.090438    
1           36        1           10.2800     0.370489    1.947295    3.151294    
1           37        1           16.9500     0.254152    1.344328    4.802181    
1           38        1           17.8900     0.296572    1.386417    4.981923    
1           39        1           19.3900     0.127854    0.712688    2.722134    
1           40        1           9.8000      0.225903    1.504940    2.961966    
1           41        1           9.8300      0.350861    1.783219    2.057151    
1           42        1           19.0900     0.232586    1.615619    5.604135    
1           43        1           15.6500     0.404897    1.220203    2.343921    
1           44        1           10.3200     0.490738    1.795185    2.638406    
1           45        1           8.9200      0.267998    1.705350    2.154185    
1           46        1           9.8000      0.224938    1.481844    2.988693    
1           47        1           11.4600     0.237418    1.383984    2.684269    
1           48        1           11.3500     0.490808    1.325242    3.582738    
1           49        1           17.9200     0.612744    1.582634    1.894165    
1           50        1           25.1600     0.093926    0.965970    3.124604    
1           51        1           11.3500     0.693275    1.956013    3.557035    
1           52        1           12.5200     0.324259    1.504892    1.900948    
1           53        1           9.8200      0.349897    1.700556    4.425580    
1           54        1           16.1300     0.329665    1.208180    2.427910    
1           55        1           10.1000     0.252584    1.852263    4.561805    
1           56        1           15.0200     0.187090    1.004894    3.135216    
1           57        1           11.5100     0.318467    1.489899    2.339333    
1           58        1           8.9200      0.221290    1.629424    2.610706    
1           59        1           26.4400     0.151480    1.337201    2.440364    
1           60        1           10.2700     0.160490    1.174626    2.045806    
1           61        1           10.3200     0.205721    1.631492    3.426098    
1           62        1           18.1300     0.654062    1.625801    2.196145    
1           63        1           9.5800      0.338659    1.288863    3.263440    
1           64        1           10.1000     0.266582    0.818593    2.000653    
1           65        1           9.8200      0.347876    2.088287    2.902243    
1           66        1           13.5100     0.188527    1.620538    2.186143    
1           67        1           9.8000      0.434165    1.342825    2.265970    
1           68        1           9.8200      0.318002    1.903701    1.883420    
1           69        1           9.7400      0.254693    2.004377    5.955938    
1           70        1           10.2800     0.292334    2.024487    2.775822    
1           71        1           9.8200      0.146694    0.864488    2.284893    
1           72        1           10.1000     0.506275    2.137898    2.168507    
1           73        1           10.1000     1.062500    3.102882    5.885015    
1           74        1           9.8200      0.521077    2.221246    5.469636    
1           75        1           16.3000     0.188260    0.967126    2.184310    
1           76        1           15.3800     0.177257    1.720712    3.058857    
1           77        1           10.1000     0.149201    1.402390    3.087522    
1           78        1           8.9200      0.185010    1.262987    1.757099    
1           79        1           21.2400     0.151335    0.774863    2.010167    
1           80        1           19.1300     0.123549    1.056878    2.913001    
1           81        1           15.6800     0.203154    1.813853    3.966821    
1           82        1           32.2200     0.259751    1.021350    2.040779    
1           83        1           10.2800     0.296530    1.939993    3.956613    
1           84        1           10.1000     0.200285    1.323559    2.191880    
1           85        1           13.5200     0.300967    1.486291    1.928668    
1           86        1           9.5800      0.243525    1.694994    3.059504    
1           87        1           18.5200     0.318453    1.598480    7.826916    
1           88        1           14.8600     0.218446    1.482194    2.809953    
1           89        1           10.1000     0.654062    2.028786    2.882776    
1           90        1           9.7400      0.654062    1.839580    1.637758    
1           91        1           11.3500     0.221253    1.334044    2.585059    
1           92        1           18.0700     0.444281    1.688854    3.490745    
1           93        1           9.7400      0.183567    1.141868    2.734225    
1           94        1           10.2000     0.224459    1.738758    2.197562    
1           95        1           11.3500     0.188032    1.026831    2.351256    
1           96        1           10.0900     0.313715    1.794895    1.963340    
1           97        1           18.1000     0.100144    1.346177    3.757352    
1           98        1           9.8200      0.382449    1.698894    2.316484    
1           99        1           10.1000     0.521077    1.969884    3.798756    
2           0         1           13.1700     0.078457    1.488678    2.910330    
2           1         1           17.1000     0.091311    1.374790    2.758803    
2           2         1           9.7400      0.118892    1.603010    2.245211    
2           3         1           18.8600     0.049531    1.464614    3.332606    
2           4         1           12.9500     0.077650    1.283986    2.129253    
2           5         1           10.2800     0.339382    1.495897    3.028244    
2           6         1           16.2000     0.088574    1.801954    2.410842    
2           7         1           9.5800      0.132406    1.823756    2.176671    
2           8         1           24.9900     0.081928    1.483257    2.523748    
2           9         1           9.5800      0.339382    1.745538    2.302615    
2           10        1           10.1000     0.150514    0.470825    1.581151    
2           11        1           24.4200     0.063862    1.345816    2.705604    
2           12        1           20.8400     0.051602    1.314348    3.153595    
2           13        1           8.9300      0.053444    1.367552    3.107471    
2           14        1           19.6200     0.103600    1.639911    3.062554    
2           15        1           10.0900     0.054338    1.330288    3.840934    
2           16        1           16.0300     0.929688    1.770362    2.977632    
2           17        1           30.4800     0.049410    1.115060    3.520876    
2           18        1           19.3700     0.100606    1.731775    3.077172    
2           19        1           12.9800     0.120906    1.581539    2.060382    
2           20        1           10.0900     0.052729    1.567174    3.127322    
2           21        1           26.4100     0.128223    1.620175    2.310560    
2           22        1           8.9200      0.375491    1.874535    1.633108    
2           23        1           11.4500     0.070195    1.487000    2.461766    
2           24        1           20.4800     0.063195    0.601970    1.853531    
2           25        1           28.3200     0.104633    1.596311    2.945345    
2           26        1           9.7400      0.055381    1.000879    2.201534    
2           27        1           9.7400      0.140377    1.747077    2.702728    
2           28        1           9.7400      0.064642    1.565903    2.652976    
2           29        1           16.0300     0.094380    1.822158    2.738496    
2           30        1           15.5500     0.104725    1.475530    1.935876    
2           31        1           10.3200     0.068162    1.680838    2.522859    
2           32        1           18.0500     0.067755    1.266146    2.824196    
2           33        1           10.0900     0.058946    1.595218    3.302918    
2           34        1           18.8900     0.152243    1.757971    2.583909    
2           35        1           10.1400     0.071173    1.401544    2.855984    
2           36        1           18.8500     0.116873    1.564151    2.829899    
2           37        1           18.4000     0.055022    1.100465    2.772227    
2           38        1           21.0500     0.057359    1.447727    3.057425    
2           39        1           19.1700     0.064385    0.521322    2.220403    
2           40        1           10.2800     0.057443    1.309456    3.821998    
2           41        1           13.4500     0.103600    1.831359    4.017169    
2           42        1           21.1300     0.055032    1.456942    3.568530    
2           43        1           19.5100     0.061377    1.256320    2.044233    
2           44        1           18.8800     0.115924    1.951543    4.164204    
2           45        1           26.1300     0.098450    1.768185    4.453391    
2           46        1           10.3200     0.056363    1.306366    3.605393    
2           47        1           17.1100     0.072232    1.183142    2.546711    
2           48        1           11.3500     0.106144    1.446954    2.580210    
2           49        1           10.1000     0.195485    1.498506    3.560716    
2           50        1           30.8300     0.031160    0.800945    3.130881    
2           51        1           11.9200     0.271332    1.674347    2.354823    
2           52        1           28.0700     0.121256    1.323039    3.574960    
2           53        1           9.8200      0.105166    1.527399    1.724774    
2           54        1           21.0400     0.085961    1.189618    2.915284    
2           55        1           16.6000     0.079220    1.391696    2.684012    
2           56        1           19.4900     0.038084    1.128911    2.593900    
2           57        1           12.9400     0.068687    1.248594    2.538061    
2           58        1           8.9200      0.094364    1.609493    2.291034    
2           59        1           34.9800     0.072003    1.193763    2.919812    
2           60        1           9.7400      0.045989    1.162027    2.738530    
2           61        1           17.8100     0.074561    1.480459    3.331498    
2           62        1           10.1000     0.339382    1.757073    2.494193    
2           63        1           14.0700     0.067225    1.512511    4.366404    
2           64        1           10.1000     0.110213    0.694602    2.365032    
2           65        1           10.6400     0.108158    2.031462    3.546471    
2           66        1           16.9000     0.095197    1.593177    2.627773    
2           67        1           9.8000      0.102829    1.377468    2.493189    
2           68        1           20.8600     0.125051    1.796884    3.192692    
2           69        1           9.7400      0.088712    1.217655    1.911633    
2           70        1           26.1900     0.114932    1.733773    3.387892    
2           71        1           11.7500     0.102335    0.667138    1.607083    
2           72        1           10.1000     0.222224    1.964816    1.853837    
2           73        1           10.1000     0.929688    2.356818    5.120115    
2           74        1           9.8200      0.171413    1.694815    3.276330    
2           75        1           18.0400     0.052786    0.893049    3.188595    
2           76        1           38.7500     0.106557    1.453039    2.763711    
2           77        1           10.8900     0.085660    1.088916    2.101296    
2           78        1           9.2800      0.075798    1.200604    2.488979    
2           79        1           11.1100     0.046685    0.746699    2.412637    
2           80        1           20.1700     0.050265    0.964675    2.677317    
2           81        1           9.7100      0.093680    1.493016    3.671088    
2           82        1           36.9400     0.105978    1.038923    2.015639    
2           83        1           8.9200      0.085822    1.745935    3.491463    
2           84        1           18.6500     0.062302    1.127112    2.855420    
2           85        1           9.7400      0.068465    1.446049    3.410021    
2           86        1           9.5800      0.086121    1.568645    3.253921    
2           87        1           19.3400     0.051342    1.440717    3.233349    
2           88        1           17.7200     0.063023    1.225302    2.431067    
2           89        1           10.1000     0.375491    1.711276    1.572575    
2           90        1           9.7400      0.339382    1.861077    1.668885    
2           91        1           20.5900     0.078153    1.128158    2.254629    
2           92        1           19.4200     0.079395    1.663353    2.592084    
2           93        1           9.7400      0.063495    0.948284    2.349080    
2           94        1           24.1200     0.104710    1.583406    3.058600    
2           95        1           26.2000     0.113462    0.793564    2.216454    
2           96        1           10.0900     0.112226    1.688703    3.889691    
2           97        1           9.8200      0.038451    0.955162    3.011244    
2           98        1           22.6800     0.091107    1.527236    2.367110    
2           99        1           10.1000     0.181734    1.761650    1.687289    
3           0         1           20.4900     0.048634    1.142224    3.764682    
3           1         1           17.9600     0.030700    1.017763    4.305362    
3           2         1           19.0700     0.069459    1.336638    2.935534    
3           3         1           22.1200     0.026048    1.165514    4.251529    
3           4         1           23.2500     0.057208    0.879755    3.274073    
3           5         1           10.2800     0.102541    2.079840    6.415775    
3           6         1           34.7200     0.044012    1.517544    3.900046    
3           7         1           21.3600     0.076086    1.655601    3.778619    
3           8         1           31.3800     0.049820    1.195578    3.818857    
3           9         1           11.8900     0.118022    1.741560    3.852906    
3           10        1           10.1000     0.137944    0.366892    1.303742    
3           11        1           30.8400     0.039191    1.379548    4.569032    
3           12        1           34.7200     0.028807    0.965800    3.291320    
3           13        1           17.1900     0.035537    0.964508    3.025640    
3           14        1           23.2900     0.052323    1.300065    2.784880    
3           15        1           25.3500     0.033476    0.843273    3.247863    
3           16        1           15.1500     0.455547    2.146360    3.711386    
3           17        1           33.1500     0.033331    0.806098    3.242835    
3           18        1           16.9200     0.045472    1.453898    3.500283    
3           19        1           26.4400     0.050974    1.495104    3.683737    
3           20        1           25.7500     0.034526    1.194736    4.305090    
3           21        1           26.4300     0.060890    1.406776    3.501673    
3           22        1           15.1500     0.145510    1.927352    3.540364    
3           23        1           9.7400      0.028853    1.364418    5.521147    
3           24        1           19.3300     0.035057    0.400716    2.414141    
3           25        1           13.9900     0.050569    1.334180    3.361407    
3           26        1           9.7400      0.063647    1.101824    3.232504    
3           27        1           9.7400      0.065041    1.594632    3.409615    
3           28        1           17.7600     0.055354    1.493017    4.488204    
3           29        1           18.1500     0.038531    1.712448    4.796139    
3           30        1           10.0900     0.042249    1.467731    4.891659    
3           31        1           18.3000     0.037416    1.394306    3.456372    
3           32        1           9.6200      0.032490    1.032774    3.983642    
3           33        1           15.1800     0.047521    1.208286    3.375916    
3           34        1           32.0400     0.073655    1.513739    3.713268    
3           35        1           28.3700     0.041356    1.225313    4.706916    
3           36        1           21.6200     0.044601    1.321920    3.845682    
3           37        1           20.6800     0.039935    0.922750    4.139835    
3           38        1           18.9600     0.044506    0.947206    3.711215    
3           39        1           19.7500     0.085362    0.366782    1.696209    
3           40        1           25.6200     0.034544    0.977678    4.301105    
3           41        1           14.6200     0.050285    1.396261    4.632535    
3           42        1           25.5500     0.030356    0.930492    3.763529    
3           43        1           19.7900     0.040926    0.849817    2.857302    
3           44        1           10.3200     0.043242    1.510021    3.695168    
3           45        1           26.7800     0.074514    1.304645    3.416221    
3           46        1           9.8400      0.028411    1.040429    4.021656    
3           47        1           11.6300     0.045745    0.904012    3.279079    
3           48        1           11.5200     0.054822    1.105865    3.906759    
3           49        1           10.9700     0.064307    1.429119    4.571332    
3           50        1           29.1200     0.020102    0.681310    3.710597    
3           51        1           11.3500     0.111512    1.631731    5.151144    
3           52        1           23.1500     0.047276    1.118467    4.318725    
3           53        1           9.8200      0.070513    1.632394    4.465861    
3           54        1           21.0100     0.060783    0.985401    3.806013    
3           55        1           18.7500     0.040186    1.231510    4.174282    
3           56        1           19.4000     0.021497    0.807059    3.539778    
3           57        1           19.2700     0.051470    0.927607    2.971921    
3           58        1           8.9200      0.069396    1.498092    3.109008    
3           59        1           41.7700     0.063029    1.094966    3.428430    
3           60        1           22.7000     0.026673    0.948862    3.030338    
3           61        1           15.9300     0.041829    1.255195    3.665411    
3           62        1           11.3900     0.120234    1.484133    4.306309    
3           63        1           9.5800      0.038095    0.925336    3.376235    
3           64        1           10.1000     0.105003    0.694073    2.552296    
3           65        1           29.8900     0.058551    1.648318    4.077388    
3           66        1           16.1000     0.032309    1.395639    3.228888    
3           67        1           19.9400     0.043799    1.168842    5.399713    
3           68        1           29.5700     0.068110    1.466925    3.475234    
3           69        1           9.7400      0.056876    1.255537    3.742359    
3           70        1           32.1600     0.051123    1.364985    3.770145    
3           71        1           10.1900     0.083208    0.636629    1.993169    
3           72        1           17.4300     0.112242    1.762682    4.064031    
3           73        1           15.1500     0.455547    2.089502    3.706704    
3           74        1           9.8200      0.081612    1.548712    4.445874    
3           75        1           18.9200     0.037825    0.700501    2.458825    
3           76        1           28.0300     0.038472    1.352154    4.628827    
3           77        1           24.7000     0.048585    1.056304    3.221126    
3           78        1           25.1400     0.041104    1.084086    3.430022    
3           79        1           20.5600     0.036639    0.514824    2.669098    
3           80        1           19.7100     0.042410    0.838053    3.576994    
3           81        1           17.9700     0.061756    1.236887    3.060391    
3           82        1           43.9700     0.065845    0.802213    2.731354    
3           83        1           24.2000     0.055175    1.295519    3.623694    
3           84        1           14.5300     0.033979    1.044398    4.219943    
3           85        1           18.4100     0.040932    1.192444    3.279491    
3           86        1           20.2700     0.047401    1.197921    3.268499    
3           87        1           19.2500     0.028424    1.152705    4.582727    
3           88        1           20.4300     0.040357    1.039942    3.836501    
3           89        1           15.1500     0.145510    2.038696    5.113694    
3           90        1           9.7400      0.090155    2.105390    5.403113    
3           91        1           36.5700     0.083818    0.971224    3.189461    
3           92        1           19.2600     0.045802    1.415783    4.495084    
3           93        1           18.3500     0.039929    0.871151    3.714689    
3           94        1           50.7300     0.042784    1.258385    4.335773    
3           95        1           28.5400     0.073268    0.613037    2.356242    
3           96        1           12.8600     0.049461    1.401813    3.494212    
3           97        1           23.5800     0.032444    0.784672    3.437371    
3           98        1           22.6700     0.041030    1.330505    3.672934    
3           99        1           10.2500     0.090643    1.602104    2.878073    
4           0         1           32.5500     0.028562    0.903459    3.782178    
4           1         1           19.3700     0.026720    0.848286    4.675440    
4           2         1           9.7400      0.035401    1.687698    7.380612    
4           3         1           41.6900     0.017473    1.000726    4.636969    
4           4         1           29.7600     0.032762    0.753845    3.426642    
4           5         1           10.2800     0.043964    1.821167    8.799468    
4           6         1           45.4800     0.041303    1.238513    4.286029    
4           7         1           20.0900     0.043063    1.554665    5.080970    
4           8         1           22.5200     0.031647    1.061246    4.462563    
4           9         1           9.5800      0.069025    1.823411    6.907746    
4           10        1           10.9300     0.107409    0.586937    3.338506    
4           11        1           27.8400     0.020406    1.101584    4.986122    
4           12        1           34.7900     0.023568    0.780890    4.262900    
4           13        1           21.2900     0.027539    0.883732    3.564204    
4           14        1           38.9900     0.043589    1.268434    4.909969    
4           15        1           19.7200     0.017649    0.838217    5.499750    
4           16        1           52.8200     0.223218    1.915893    5.484144    
4           17        1           37.5100     0.033110    0.678230    3.868795    
4           18        1           28.6500     0.034234    1.356964    5.837539    
4           19        1           25.6300     0.034018    1.211700    3.659996    
4           20        1           21.1500     0.019145    1.100373    5.092355    
4           21        1           30.5300     0.055299    1.332900    4.470667    
4           22        1           9.1300      0.051550    1.577392    5.213623    
4           23        1           21.9800     0.018190    1.188930    6.305881    
4           24        1           20.4000     0.031292    0.363176    2.877964    
4           25        1           26.2600     0.034771    1.164263    4.124100    
4           26        1           9.8900      0.026233    0.812933    3.604340    
4           27        1           9.7400      0.042979    1.651832    6.345168    
4           28        1           9.6000      0.030247    1.257941    4.794032    
4           29        1           18.2200     0.042511    1.340600    4.957568    
4           30        1           10.1000     0.030139    1.253019    4.958497    
4           31        1           24.1500     0.029644    1.318569    4.988968    
4           32        1           20.9900     0.020468    0.938049    4.294296    
4           33        1           10.3900     0.034785    1.182831    4.591464    
4           34        1           30.7800     0.033610    1.174722    4.374996    
4           35        1           33.1800     0.029158    1.001442    4.558757    
4           36        1           25.0500     0.032882    1.019559    4.286560    
4           37        1           20.9400     0.035240    0.742343    3.796972    
4           38        1           27.4100     0.031365    0.857826    4.098875    
4           39        1           24.2700     0.061031    0.337774    2.221983    
4           40        1           26.3600     0.022256    0.757071    4.305519    
4           41        1           37.6300     0.029207    1.132014    4.312199    
4           42        1           16.0100     0.019512    0.825145    4.646922    
4           43        1           19.7700     0.034330    0.667456    3.045563    
4           44        1           14.2600     0.034960    1.381988    5.389789    
4           45        1           33.3700     0.035967    1.125186    4.770835    
4           46        1           23.7700     0.025863    0.824264    4.041752    
4           47        1           23.3600     0.036974    0.877150    3.857766    
4           48        1           18.9000     0.060108    0.717716    2.824904    
4           49        1           28.3100     0.028966    1.195027    5.504119    
4           50        1           27.8400     0.016115    0.609484    3.929969    
4           51        1           17.5100     0.053517    1.170710    4.523131    
4           52        1           25.5600     0.042610    0.699442    3.121082    
4           53        1           9.8200      0.041669    1.275565    4.500374    
4           54        1           26.4200     0.060834    0.799784    3.597505    
4           55        1           20.0200     0.023271    1.133129    5.169893    
4           56        1           19.4900     0.027865    0.598645    2.849402    
4           57        1           35.3800     0.043630    0.946803    4.809523    
4           58        1           26.2200     0.037631    1.360763    3.960258    
4           59        1           35.0600     0.030766    1.005140    4.360979    
4           60        1           27.7500     0.023329    0.788462    3.279714    
4           61        1           28.9000     0.020530    1.095082    4.713016    
4           62        1           15.0600     0.062388    1.203869    6.379944    
4           63        1           9.7600      0.032734    0.884735    4.178839    
4           64        1           10.1000     0.073435    0.808889    4.939013    
4           65        1           25.8100     0.036659    1.413147    4.960166    
4           66        1           18.4300     0.025045    1.313779    3.991678    
4           67        1           20.3000     0.039341    0.955466    4.508274    
4           68        1           27.1800     0.038065    1.220697    4.327018    
4           69        1           9.7400      0.045775    1.405961    6.511906    
4           70        1           42.3400     0.030400    1.117070    4.383314    
4           71        1           36.5100     0.069437    0.554644    2.821045    
4           72        1           10.1800     0.038997    1.891123    6.350487    
4           73        1           52.8200     0.223218    1.877583    5.362775    
4           74        1           12.0500     0.044540    1.435857    5.503832    
4           75        1           20.4900     0.040989    0.646611    3.419031    
4           76        1           26.7100     0.025685    1.054731    4.814896    
4           77        1           18.5100     0.036030    0.844966    3.291921    
4           78        1           11.7100     0.022465    0.872876    3.751854    
4           79        1           21.4200     0.038823    0.433536    2.486068    
4           80        1           26.0200     0.032001    0.626327    3.433969    
4           81        1           28.9200     0.027876    1.111760    4.871991    
4           82        1           37.4800     0.041300    0.723208    3.167547    
4           83        1           21.0500     0.025465    1.088184    4.898663    
4           84        1           19.8400     0.022614    0.833594    3.564971    
4           85        1           19.3500     0.026798    0.990309    4.494596    
4           86        1           20.5500     0.037304    0.990164    3.531585    
4           87        1           19.1700     0.030275    0.944220    4.396586    
4           88        1           23.0400     0.022067    0.823685    3.776000    
4           89        1           17.2800     0.051550    1.469221    5.833711    
4           90        1           9.7400      0.038654    1.897754    7.331068    
4           91        1           35.4200     0.041819    0.757366    3.384570    
4           92        1           25.5500     0.031492    1.079300    4.385926    
4           93        1           9.8100      0.027048    0.654368    3.285806    
4           94        1           26.9700     0.028080    1.041491    5.010779    
4           95        1           31.7600     0.084150    0.592107    3.099938    
4           96        1           10.2000     0.038972    1.594977    5.626165    
4           97        1           18.6100     0.025174    0.659436    4.018946    
4           98        1           26.9900     0.025545    1.146175    4.811186    
4           99        1           21.7300     0.038475    1.608776    6.497611    
5           0         1           36.1100     0.024765    0.696669    3.909415    
5           1         1           19.1900     0.020117    0.772813    5.288363    
5           2         1           9.7400      0.023087    1.108537    6.558209    
5           3         1           35.2300     0.017417    0.752653    5.282897    
5           4         1           29.2200     0.033408    0.663441    5.509596    
5           5         1           23.4700     0.021696    1.414950    10.589839   
5           6         1           39.5600     0.028778    1.064370    5.275072    
5           7         1           23.9100     0.028527    1.285548    5.834541    
5           8         1           37.0800     0.022368    0.934190    6.009607    
5           9         1           23.3200     0.038742    1.442444    7.132831    
5           10        1           10.1200     0.094057    0.490184    3.849946    
5           11        1           38.8200     0.012930    0.922546    5.586509    
5           12        1           36.3900     0.024560    0.649997    4.506786    
5           13        1           22.6300     0.021250    0.751570    4.405115    
5           14        1           23.8900     0.025377    1.144073    6.798745    
5           15        1           27.6000     0.020504    0.611971    4.719243    
5           16        1           65.2300     0.109377    1.510358    6.957364    
5           17        1           37.5500     0.028933    0.536752    3.799644    
5           18        1           28.1900     0.018912    1.009079    5.165968    
5           19        1           32.0500     0.029322    1.074899    4.859609    
5           20        1           32.3700     0.019126    0.837328    5.027288    
5           21        1           30.4100     0.036299    1.011319    4.705193    
5           22        1           27.0000     0.029595    1.234474    4.929084    
5           23        1           24.8000     0.014914    1.018930    6.011765    
5           24        1           20.4100     0.032474    0.295085    3.047951    
5           25        1           42.8300     0.032067    0.991342    4.785958    
5           26        1           10.3700     0.018221    0.712492    4.148316    
5           27        1           14.7100     0.021458    1.406149    7.769967    
5           28        1           15.4000     0.021994    1.014620    5.012150    
5           29        1           36.9700     0.033422    1.145374    5.784692    
5           30        1           11.3000     0.017471    1.046415    4.035217    
5           31        1           23.6700     0.027802    1.126360    5.882160    
5           32        1           26.4100     0.018215    0.813856    4.454507    
5           33        1           15.4800     0.021075    1.015185    5.585837    
5           34        1           47.5800     0.021270    1.061975    5.314674    
5           35        1           32.9400     0.018998    0.678234    4.299521    
5           36        1           44.6300     0.022189    0.977198    5.085682    
5           37        1           20.9600     0.039811    0.567143    3.330476    
5           38        1           28.0100     0.031771    0.732825    4.406532    
5           39        1           20.0900     0.047006    0.372702    3.497698    
5           40        1           35.7500     0.019383    0.587294    4.620890    
5           41        1           25.7700     0.034722    1.055829    5.711289    
5           42        1           36.7700     0.016704    0.618723    4.748383    
5           43        1           34.5000     0.025292    0.624716    4.646181    
5           44        1           36.5600     0.016787    1.165213    5.595362    
5           45        1           39.4500     0.032586    0.872108    4.366630    
5           46        1           32.1300     0.022287    0.654406    4.279684    
5           47        1           31.5700     0.025716    0.777900    5.291431    
5           48        1           20.2900     0.026004    0.905250    5.071397    
5           49        1           39.0300     0.020263    0.909605    4.994799    
5           50        1           31.3100     0.015157    0.544243    4.584624    
5           51        1           20.5900     0.034208    1.073440    5.729669    
5           52        1           26.4200     0.032348    0.833481    5.196357    
5           53        1           18.6200     0.030206    1.115264    5.719363    
5           54        1           22.8900     0.044265    0.639968    3.974032    
5           55        1           22.0700     0.016750    0.919335    5.065394    
5           56        1           19.3100     0.019514    0.522947    3.670378    
5           57        1           28.9300     0.033012    0.634169    3.739644    
5           58        1           16.8900     0.023393    1.178367    4.852386    
5           59        1           38.5600     0.025045    0.837232    4.574390    
5           60        1           26.6400     0.016133    0.628385    4.374764    
5           61        1           33.9900     0.018179    0.950049    4.727597    
5           62        1           19.1500     0.026749    0.860662    5.244887    
5           63        1           15.4600     0.020419    0.721393    4.803912    
5           64        1           10.1000     0.059234    0.674095    5.300955    
5           65        1           31.3800     0.024075    1.188551    5.394142    
5           66        1           22.3300     0.016410    1.315057    6.343793    
5           67        1           28.7300     0.034174    0.847614    5.192910    
5           68        1           31.8600     0.024762    1.170745    5.343502    
5           69        1           13.2300     0.029518    1.192447    7.076604    
5           70        1           50.0600     0.025777    0.888042    4.643645    
5           71        1           52.9900     0.046928    0.495145    3.771114    
5           72        1           29.7400     0.022723    1.506677    6.974375    
5           73        1           65.2300     0.109377    1.705617    6.535116    
5           74        1           9.8200      0.022533    1.166271    7.259668    
5           75        1           23.8300     0.017758    0.576005    4.410265    
5           76        1           44.3200     0.020235    0.856458    4.947767    
5           77        1           26.5800     0.031120    0.841262    5.018521    
5           78        1           22.8800     0.017802    0.725662    4.343294    
5           79        1           21.0400     0.035624    0.467864    3.555973    
5           80        1           22.7000     0.022876    0.617890    4.119032    
5           81        1           35.7200     0.020865    0.940128    4.926817    
5           82        1           36.6900     0.041701    0.599778    3.683757    
5           83        1           34.4100     0.024442    0.917831    5.039684    
5           84        1           26.0900     0.018117    0.846240    5.061939    
5           85        1           29.0400     0.020899    0.910344    6.278818    
5           86        1           31.2500     0.021727    0.870876    4.342496    
5           87        1           25.1600     0.018640    0.703101    5.006426    
5           88        1           26.7200     0.021071    0.662703    3.755452    
5           89        1           10.1000     0.022102    1.545372    9.805587    
5           90        1           10.3100     0.018850    1.589547    7.899820    
5           91        1           41.4900     0.038638    0.659259    3.619201    
5           92        1           29.2900     0.023468    0.849610    4.342899    
5           93        1           18.8300     0.018078    0.777777    5.417261    
5           94        1           43.0100     0.022469    0.890168    5.017839    
5           95        1           41.5700     0.050947    0.437897    3.604401    
5           96        1           16.1900     0.025214    1.335651    6.198275    
5           97        1           20.0100     0.023843    0.587570    4.085268    
5           98        1           33.3500     0.022565    0.962255    6.163619    
5           99        1           11.4100     0.025775    1.563763    7.121953    
6           0         1           46.7300     0.022688    0.599244    4.516236    
6           1         1           19.1900     0.022982    0.667891    5.856550    
6           2         1           9.7400      0.016878    0.802156    5.338088    
6           3         1           31.2800     0.014694    0.643714    4.475418    
6           4         1           29.7400     0.025097    0.547503    4.350192    
6           5         1           23.4500     0.022214    1.115047    8.780155    
6           6         1           46.7100     0.018572    0.904838    5.395033    
6           7         1           44.6900     0.019109    1.009122    5.780716    
6           8         1           37.7900     0.023738    0.782821    5.032316    
6           9         1           16.6200     0.025771    1.160877    7.732565    
6           10        1           16.4500     0.058385    0.452930    5.222889    
6           11        1           45.8000     0.011522    0.804892    5.124901    
6           12        1           40.3900     0.019701    0.558746    4.548203    
6           13        1           26.1300     0.014602    0.702387    5.364617    
6           14        1           43.0500     0.018949    0.828172    5.353472    
6           15        1           26.9700     0.020176    0.609684    5.369823    
6           16        1           72.8800     0.053595    1.171957    6.727813    
6           17        1           38.0600     0.029591    0.407808    3.248962    
6           18        1           42.6200     0.016970    0.809264    4.931442    
6           19        1           34.5700     0.019552    0.849340    4.680603    
6           20        1           26.2500     0.013757    0.748372    5.776532    
6           21        1           31.1700     0.026251    0.769292    4.409866    
6           22        1           30.8300     0.029662    0.998087    4.124433    
6           23        1           23.0300     0.009362    0.858838    6.588760    
6           24        1           20.7500     0.032855    0.326933    3.723700    
6           25        1           39.6400     0.017669    0.923652    5.416767    
6           26        1           24.6500     0.014674    0.756991    6.007713    
6           27        1           47.1200     0.012655    1.157989    9.012954    
6           28        1           35.9800     0.012970    0.814222    5.736813    
6           29        1           49.8800     0.020493    0.874949    5.386866    
6           30        1           13.9100     0.014999    1.208137    7.099784    
6           31        1           22.2300     0.016727    0.925433    6.389179    
6           32        1           23.7000     0.015518    0.720763    4.611003    
6           33        1           15.5000     0.014624    0.827263    6.368260    
6           34        1           45.9600     0.019053    0.895863    5.512195    
6           35        1           30.8800     0.016462    0.602001    5.230263    
6           36        1           40.3700     0.017882    0.773926    4.887967    
6           37        1           36.5100     0.032698    0.473994    3.647489    
6           38        1           34.2100     0.022387    0.675488    4.684124    
6           39        1           22.6300     0.036708    0.326550    3.998915    
6           40        1           37.7300     0.018347    0.453798    3.716219    
6           41        1           47.7400     0.025799    0.715683    4.077936    
6           42        1           35.0200     0.017028    0.441178    4.097250    
6           43        1           20.8500     0.035047    0.428059    3.291716    
6           44        1           22.9900     0.013798    1.081899    7.005954    
6           45        1           48.3900     0.019415    0.738198    5.287341    
6           46        1           28.8100     0.016444    0.624793    5.097679    
6           47        1           24.1200     0.021563    0.545814    3.784053    
6           48        1           23.3200     0.027592    0.515385    3.547719    
6           49        1           39.7800     0.018089    0.821143    5.713707    
6           50        1           31.6300     0.013341    0.507078    4.950524    
6           51        1           18.8500     0.021747    1.116432    8.146362    
6           52        1           35.7900     0.025379    0.543921    4.518925    
6           53        1           48.9200     0.022354    1.019909    7.703895    
6           54        1           25.3800     0.035169    0.453733    3.667273    
6           55        1           30.4600     0.017445    0.716117    5.316966    
6           56        1           19.7300     0.017956    0.512746    4.509762    
6           57        1           33.6600     0.032419    0.460576    2.936476    
6           58        1           38.7900     0.017920    1.080965    5.789821    
6           59        1           62.5300     0.023913    0.794987    4.919026    
6           60        1           30.6300     0.010894    0.629712    4.921130    
6           61        1           34.1100     0.013826    0.878315    6.574156    
6           62        1           27.2700     0.016922    0.671520    5.448949    
6           63        1           25.6100     0.015362    0.678538    5.718026    
6           64        1           17.6300     0.057983    0.661508    6.555113    
6           65        1           51.3800     0.024087    0.887054    4.542491    
6           66        1           29.6700     0.012963    1.077914    5.790683    
6           67        1           32.9000     0.032460    0.695218    4.608333    
6           68        1           50.7000     0.022774    0.990096    5.605158    
6           69        1           9.7500      0.013684    0.919635    8.305818    
6           70        1           47.2000     0.022508    0.702004    4.038025    
6           71        1           44.8700     0.056528    0.346030    2.920888    
6           72        1           28.8700     0.021747    1.164042    5.816774    
6           73        1           72.8800     0.053595    1.359528    6.851747    
6           74        1           10.3600     0.018326    1.195333    9.636242    
6           75        1           35.0400     0.015699    0.484945    4.470661    
6           76        1           33.2200     0.015933    0.811603    5.823393    
6           77        1           37.3500     0.022330    0.781541    5.952020    
6           78        1           26.5700     0.017115    0.653319    4.941435    
6           79        1           26.1900     0.036612    0.355000    3.371714    
6           80        1           36.1200     0.020077    0.507599    4.318414    
6           81        1           17.5600     0.015304    0.803250    5.300106    
6           82        1           40.6500     0.037079    0.486418    3.657625    
6           83        1           40.7600     0.018387    0.732616    5.342818    
6           84        1           30.3900     0.015693    0.665659    5.274534    
6           85        1           22.4000     0.015350    0.683268    5.662686    
6           86        1           36.6400     0.016637    0.811868    6.137561    
6           87        1           23.9900     0.024301    0.563370    5.105697    
6           88        1           31.9500     0.017330    0.558279    4.099584    
6           89        1           29.0800     0.012689    1.059854    7.260661    
6           90        1           23.8800     0.014619    1.246633    6.611832    
6           91        1           38.7900     0.023260    0.633226    4.988219    
6           92        1           42.2400     0.017459    0.753076    5.854555    
6           93        1           19.2700     0.020642    0.544646    3.942043    
6           94        1           27.1700     0.015280    0.701973    4.426009    
6           95        1           38.4600     0.045280    0.405579    4.180032    
6           96        1           18.9700     0.015457    1.131906    6.111521    
6           97        1           25.0000     0.023283    0.497370    3.881433    
6           98        1           35.2000     0.019646    0.770398    4.462484    
6           99        1           19.0200     0.022340    1.132852    5.582028    
7           0         1           45.6500     0.026364    0.605204    5.325350    
7           1         1           28.5400     0.017415    0.792337    8.437263    
7           2         1           35.2800     0.011756    1.124627    11.822095   
7           3         1           52.3800     0.013962    0.578397    4.727296    
7           4         1           37.3200     0.017504    0.486000    4.898694    
7           5         1           37.7200     0.012718    0.832972    10.071069   
7           6         1           45.8000     0.019756    0.753330    5.189689    
7           7         1           50.4000     0.013991    0.789428    5.125848    
7           8         1           40.8500     0.021780    0.639027    4.489089    
7           9         1           30.0700     0.015680    0.819400    7.648172    
7           10        1           26.3700     0.039278    0.332181    4.230786    
7           11        1           51.8600     0.009942    0.703179    5.781609    
7           12        1           49.0100     0.018680    0.441880    4.157169    
7           13        1           26.4800     0.012347    0.604540    4.690251    
7           14        1           44.2500     0.019563    0.662078    5.481337    
7           15        1           25.8700     0.024435    0.425626    4.818453    
7           16        1           75.2200     0.026261    1.078542    8.251139    
7           17        1           43.2800     0.028145    0.423812    4.450090    
7           18        1           41.6200     0.012980    0.723189    6.280764    
7           19        1           56.0600     0.020293    0.694911    4.292486    
7           20        1           29.9500     0.014879    0.619103    4.895305    
7           21        1           35.2700     0.022718    0.764572    6.401755    
7           22        1           26.7700     0.019731    1.080031    7.292531    
7           23        1           31.3200     0.008836    0.695965    5.134391    
7           24        1           21.7900     0.026753    0.275586    4.002480    
7           25        1           48.3600     0.014206    0.776623    5.530681    
7           26        1           32.1200     0.012443    0.591572    5.846495    
7           27        1           27.4200     0.016030    0.935385    8.052769    
7           28        1           39.3300     0.010427    0.757331    7.046706    
7           29        1           50.0300     0.015158    0.770418    6.368143    
7           30        1           42.8200     0.010438    0.996208    6.855561    
7           31        1           34.0900     0.015006    1.023970    9.113063    
7           32        1           30.3800     0.009869    0.659248    5.338371    
7           33        1           32.3700     0.014642    0.804933    6.309227    
7           34        1           48.0500     0.017751    0.756748    5.352815    
7           35        1           38.8200     0.012048    0.538955    5.772830    
7           36        1           51.5600     0.013604    0.689673    6.780875    
7           37        1           47.7900     0.029990    0.415952    4.407481    
7           38        1           36.5500     0.022965    0.562679    4.842597    
7           39        1           25.8000     0.032444    0.239617    3.477506    
7           40        1           32.7200     0.020191    0.407483    4.308245    
7           41        1           44.3700     0.022682    0.632571    5.363166    
7           42        1           36.2100     0.017600    0.349675    3.267629    
7           43        1           34.2300     0.044428    0.333153    2.936588    
7           44        1           43.0500     0.014074    0.979021    8.414468    
7           45        1           40.5400     0.015659    0.646777    6.077293    
7           46        1           35.7500     0.018209    0.518012    4.723469    
7           47        1           32.8700     0.018951    0.599119    5.416349    
7           48        1           38.3800     0.021432    0.495504    5.285503    
7           49        1           34.1300     0.021639    0.615539    5.202909    
7           50        1           32.1800     0.012275    0.469274    4.983624    
7           51        1           28.7800     0.021138    0.680972    5.527771    
7           52        1           36.6700     0.025868    0.410719    3.727191    
7           53        1           44.3900     0.015118    0.818287    6.812912    
7           54        1           21.9400     0.049651    0.346424    2.888696    
7           55        1           39.7500     0.014315    0.595882    4.455140    
7           56        1           28.3000     0.021642    0.416090    3.789302    
7           57        1           46.8300     0.030954    0.461558    4.764203    
7           58        1           36.1500     0.011958    0.940158    5.605577    
7           59        1           57.4300     0.019550    0.720650    5.170814    
7           60        1           31.9100     0.012347    0.477064    4.185158    
7           61        1           40.7600     0.012065    0.743443    6.121583    
7           62        1           43.2500     0.014624    0.586741    4.674831    
7           63        1           28.5000     0.017347    0.469329    4.655598    
7           64        1           12.2200     0.047145    0.596793    7.573297    
7           65        1           42.5400     0.015972    0.899970    7.284705    
7           66        1           36.5900     0.009248    1.012718    6.895183    
7           67        1           33.6500     0.024391    0.544879    5.066485    
7           68        1           55.2000     0.021480    0.777707    5.349636    
7           69        1           15.1700     0.012773    0.890315    8.528260    
7           70        1           47.9800     0.019865    0.623138    4.453194    
7           71        1           48.0600     0.034323    0.424822    5.189895    
7           72        1           40.1900     0.014711    1.095868    8.354113    
7           73        1           75.2200     0.026261    1.264409    8.222929    
7           74        1           33.3000     0.012277    0.850602    6.961830    
7           75        1           42.0600     0.018840    0.402301    3.929760    
7           76        1           44.5100     0.014730    0.708129    5.837552    
7           77        1           32.7000     0.015261    0.601974    4.757014    
7           78        1           33.1400     0.013385    0.624087    6.020409    
7           79        1           27.1600     0.035097    0.300595    3.332044    
7           80        1           28.3700     0.017938    0.450769    4.404156    
7           81        1           39.5900     0.015381    0.701205    5.327342    
7           82        1           50.8800     0.032231    0.455934    4.034966    
7           83        1           48.3400     0.016286    0.576480    4.515056    
7           84        1           30.8000     0.013050    0.540531    5.195579    
7           85        1           26.0900     0.013355    0.587194    5.344475    
7           86        1           36.3900     0.014433    0.737237    6.645626    
7           87        1           40.1300     0.016578    0.493132    5.066878    
7           88        1           38.8100     0.015229    0.484496    4.477018    
7           89        1           34.6000     0.009715    1.175024    13.504941   
7           90        1           46.3100     0.012718    1.279938    10.972292   
7           91        1           55.7200     0.026087    0.525812    4.309485    
7           92        1           42.6400     0.016051    0.641308    5.453259    
7           93        1           18.0900     0.017619    0.594754    5.587522    
7           94        1           23.3100     0.016457    0.662159    5.851771    
7           95        1           44.2200     0.042939    0.263564    3.097520    
7           96        1           24.9500     0.012495    0.866597    5.601841    
7           97        1           40.5700     0.016822    0.488473    4.754953    
7           98        1           23.1500     0.018037    0.631990    4.301549    
7           99        1           43.6300     0.013732    1.191998    9.283722    
8           0         1           44.8100     0.019419    0.401866    4.124267    
8           1         1           28.2600     0.015786    0.622223    8.181263    
8           2         1           37.4800     0.007669    0.972629    11.427229   
8           3         1           58.4900     0.012718    0.510743    4.914013    
8           4         1           34.9300     0.020599    0.399268    3.621552    
8           5         1           57.2400     0.015302    0.682013    7.730573    
8           6         1           58.6900     0.016622    0.671396    5.097463    
8           7         1           53.0200     0.011654    0.774183    7.618834    
8           8         1           40.9700     0.021069    0.613373    4.805772    
8           9         1           54.5500     0.011197    0.704611    5.822798    
8           10        1           20.1800     0.034963    0.307059    4.482488    
8           11        1           49.3100     0.007337    0.676557    6.374810    
8           12        1           46.7500     0.019181    0.358033    3.496678    
8           13        1           28.8500     0.011608    0.616188    6.367653    
8           14        1           47.0100     0.015701    0.567735    5.238054    
8           15        1           35.1700     0.022370    0.440297    5.206361    
8           16        1           51.1600     0.022979    0.778428    6.779448    
8           17        1           44.7800     0.027440    0.297632    3.336006    
8           18        1           58.0200     0.011563    0.648910    6.305740    
8           19        1           43.4800     0.013781    0.779044    7.646062    
8           20        1           35.6600     0.011041    0.588378    5.586902    
8           21        1           43.0700     0.024798    0.544695    4.255384    
8           22        1           52.4500     0.015107    0.767199    4.441119    
8           23        1           44.0300     0.006974    0.701756    7.131799    
8           24        1           29.8100     0.032319    0.176973    2.459195    
8           25        1           42.6800     0.014978    0.718022    6.497425    
8           26        1           22.2200     0.009490    0.575579    6.348299    
8           27        1           57.0400     0.011835    1.052345    12.095243   
8           28        1           58.9100     0.011157    0.665022    6.371531    
8           29        1           50.0300     0.015641    0.677171    5.289556    
8           30        1           46.0000     0.013714    0.976127    7.321917    
8           31        1           45.0900     0.012652    0.758777    6.275613    
8           32        1           24.1600     0.010419    0.580012    5.523688    
8           33        1           34.2500     0.011157    0.710243    6.903355    
8           34        1           59.3600     0.016122    0.722371    6.080960    
8           35        1           48.1500     0.015740    0.413044    4.218116    
8           36        1           52.9100     0.013245    0.628496    7.169336    
8           37        1           39.5300     0.028361    0.389790    4.680274    
8           38        1           41.4700     0.022234    0.507395    5.081038    
8           39        1           31.9400     0.028952    0.187012    2.787630    
8           40        1           41.0600     0.017388    0.366811    4.518285    
8           41        1           54.4500     0.021085    0.502160    4.403109    
8           42        1           42.9700     0.019988    0.291035    3.418098    
8           43        1           41.8700     0.038453    0.354375    3.569638    
8           44        1           26.9500     0.011761    0.925338    8.764525    
8           45        1           46.4200     0.020074    0.505770    4.243336    
8           46        1           42.5400     0.017167    0.445014    4.091696    
8           47        1           34.1400     0.022218    0.525066    5.538633    
8           48        1           39.5000     0.016819    0.580810    7.075851    
8           49        1           58.4700     0.017903    0.526944    4.841531    
8           50        1           36.0200     0.011544    0.415347    4.704529    
8           51        1           36.2900     0.022413    0.708641    6.695602    
8           52        1           43.2400     0.023899    0.430856    4.477022    
8           53        1           46.8700     0.011417    0.728508    7.759146    
8           54        1           38.6700     0.034691    0.344901    3.687111    
8           55        1           47.0500     0.016042    0.512027    4.285125    
8           56        1           30.2400     0.022797    0.470045    5.507710    
8           57        1           55.4800     0.027778    0.409199    4.585874    
8           58        1           47.6400     0.010849    0.931562    7.424962    
8           59        1           44.7300     0.019748    0.646291    5.227742    
8           60        1           40.7800     0.010250    0.497554    5.180826    
8           61        1           41.8400     0.010084    0.759491    7.801379    
8           62        1           49.8500     0.017713    0.494521    5.051765    
8           63        1           40.9900     0.015516    0.517256    6.042613    
8           64        1           20.8700     0.033571    0.577327    8.731203    
8           65        1           43.3100     0.014468    0.763356    7.146767    
8           66        1           39.2300     0.009389    1.000208    8.141495    
8           67        1           49.8800     0.020992    0.525557    5.727874    
8           68        1           52.5000     0.017099    0.713434    5.689588    
8           69        1           12.7400     0.013063    0.825435    8.101347    
8           70        1           48.2300     0.019786    0.550036    4.281604    
8           71        1           51.1700     0.036172    0.302882    3.856900    
8           72        1           47.9300     0.011329    1.025560    9.336952    
8           73        1           29.6500     0.017031    1.050262    8.524305    
8           74        1           53.0500     0.017924    0.733554    6.786461    
8           75        1           45.2000     0.015228    0.346339    3.720651    
8           76        1           45.6400     0.014162    0.630883    5.515919    
8           77        1           42.2700     0.014587    0.622416    5.826487    
8           78        1           38.3300     0.012872    0.594159    5.922884    
8           79        1           39.2900     0.028870    0.278464    3.782956    
8           80        1           34.9100     0.020429    0.414796    4.413374    
8           81        1           44.0900     0.013927    0.713312    6.519780    
8           82        1           56.9100     0.031656    0.418709    4.286786    
8           83        1           54.5000     0.015993    0.583443    5.728542    
8           84        1           39.8600     0.012100    0.618573    7.066969    
8           85        1           21.1400     0.009611    0.642166    7.894969    
8           86        1           53.6000     0.018670    0.480393    4.385549    
8           87        1           39.7500     0.016812    0.394964    3.587923    
8           88        1           47.2600     0.013045    0.405438    3.495402    
8           89        1           46.3800     0.009919    0.770804    7.252648    
8           90        1           34.8300     0.008460    1.204015    13.017017   
8           91        1           47.9000     0.023888    0.479277    4.553126    
8           92        1           44.8200     0.017135    0.524061    5.329674    
8           93        1           23.1100     0.012175    0.576129    6.582282    
8           94        1           58.0700     0.015170    0.537030    4.918233    
8           95        1           43.0500     0.043878    0.257749    3.282760    
8           96        1           41.5900     0.010183    1.029650    8.706110    
8           97        1           30.2700     0.016935    0.410246    4.350956    
8           98        1           49.5600     0.013635    0.550308    4.416729    
8           99        1           62.6300     0.008118    1.017152    8.594114    
9           0         1           48.4400     0.022046    0.351878    4.310425    
9           1         1           40.3900     0.013151    0.527577    7.065553    
9           2         1           31.8400     0.008187    0.891345    11.528944   
9           3         1           57.4700     0.013601    0.443885    4.738522    
9           4         1           38.9000     0.021099    0.425869    4.873355    
9           5         1           52.3600     0.010169    0.642145    10.904966   
9           6         1           39.3100     0.017507    0.649949    6.040796    
9           7         1           64.1700     0.011331    0.612168    5.482523    
9           8         1           40.4200     0.018816    0.624129    5.972180    
9           9         1           56.4800     0.013312    0.629351    5.218666    
9           10        1           18.0100     0.038618    0.314178    5.042556    
9           11        1           60.1300     0.005992    0.616840    6.388048    
9           12        1           45.4800     0.021595    0.336677    3.769978    
9           13        1           31.1800     0.011265    0.491248    4.708598    
9           14        1           51.8800     0.013092    0.483207    5.512599    
9           15        1           35.9900     0.023449    0.439750    6.708412    
9           16        1           44.1500     0.026611    0.668873    4.242203    
9           17        1           44.8300     0.026296    0.295131    3.766793    
9           18        1           56.0600     0.011583    0.568901    6.005105    
9           19        1           58.1000     0.013771    0.582527    5.197142    
9           20        1           42.2100     0.010581    0.528713    5.475895    
9           21        1           46.2900     0.020432    0.482640    4.929749    
9           22        1           62.4800     0.011566    0.759386    6.295138    
9           23        1           39.6500     0.007192    0.663734    7.266952    
9           24        1           26.7900     0.032119    0.176988    2.794586    
9           25        1           55.6300     0.014906    0.665082    6.192497    
9           26        1           15.2400     0.010536    0.476739    5.426707    
9           27        1           62.5900     0.009574    0.772124    9.518098    
9           28        1           44.3300     0.008727    0.622879    7.411516    
9           29        1           55.3300     0.018736    0.516330    4.327069    
9           30        1           62.1200     0.006518    0.864754    7.762651    
9           31        1           44.1100     0.015599    0.527198    4.102886    
9           32        1           40.3800     0.009290    0.554382    5.679447    
9           33        1           38.3100     0.010959    0.894211    10.062259   
9           34        1           56.6900     0.013903    0.603526    5.247446    
9           35        1           49.6400     0.011448    0.424020    5.341340    
9           36        1           63.1600     0.018846    0.435438    4.144718    
9           37        1           46.1500     0.026763    0.291841    3.782713    
9           38        1           44.5500     0.026581    0.487146    4.840226    
9           39        1           28.3900     0.047281    0.161515    2.691268    
9           40        1           32.7500     0.015731    0.286017    3.568843    
9           41        1           56.4500     0.028538    0.405014    4.078455    
9           42        1           45.3100     0.017152    0.382586    6.122058    
9           43        1           43.3800     0.044661    0.259841    2.878563    
9           44        1           40.2100     0.012265    0.680152    6.986649    
9           45        1           40.2800     0.020048    0.488432    5.183824    
9           46        1           33.3600     0.015523    0.462340    5.745079    
9           47        1           47.7400     0.024029    0.352009    3.291242    
9           48        1           42.7100     0.017483    0.429261    5.552211    
9           49        1           59.7500     0.013014    0.610699    7.415267    
9           50        1           36.2400     0.011149    0.407361    5.074413    
9           51        1           48.2500     0.027325    0.485418    4.172175    
9           52        1           43.6600     0.025088    0.384616    4.766800    
9           53        1           42.0800     0.015591    0.600640    6.027302    
9           54        1           38.6600     0.040793    0.224811    2.287877    
9           55        1           56.6800     0.015309    0.502738    5.186763    
9           56        1           35.5300     0.020496    0.370058    5.012753    
9           57        1           28.7000     0.022381    0.330374    3.652576    
9           58        1           52.3300     0.009601    0.840772    7.846235    
9           59        1           62.5400     0.017745    0.645674    5.626509    
9           60        1           40.1900     0.010866    0.428074    4.798647    
9           61        1           47.1300     0.012300    0.576322    5.341333    
9           62        1           58.8700     0.013562    0.461498    5.903872    
9           63        1           30.8400     0.015136    0.372974    4.760157    
9           64        1           19.2500     0.032866    0.417085    6.927568    
9           65        1           66.7200     0.012541    0.636272    6.071138    
9           66        1           46.2500     0.007078    0.805217    6.067321    
9           67        1           44.3100     0.019723    0.488368    5.784611    
9           68        1           60.6500     0.020752    0.593140    4.534504    
9           69        1           32.2200     0.011254    0.751726    9.552195    
9           70        1           49.8700     0.019030    0.516596    5.070993    
9           71        1           48.7200     0.025761    0.323792    4.978037    
9           72        1           57.1500     0.013965    0.825892    7.110439    
9           73        1           79.1800     0.011260    1.106028    10.688497   
9           74        1           41.3900     0.011005    0.661284    8.053426    
9           75        1           43.3500     0.015537    0.302659    3.704618    
9           76        1           42.0300     0.012452    0.561190    5.072184    
9           77        1           47.7500     0.011522    0.565033    6.528621    
9           78        1           43.8500     0.012591    0.449676    4.758230    
9           79        1           25.7800     0.035746    0.265324    3.838509    
9           80        1           47.0500     0.017599    0.371512    4.488597    
9           81        1           54.0400     0.012359    0.596926    5.777624    
9           82        1           52.0900     0.026856    0.383651    4.261374    
9           83        1           55.2400     0.017760    0.560146    6.192646    
9           84        1           37.2400     0.012813    0.461964    5.151326    
9           85        1           44.1100     0.010183    0.562873    6.703398    
9           86        1           54.8800     0.012134    0.525297    5.943813    
9           87        1           46.2100     0.014434    0.498078    6.935632    
9           88        1           47.9900     0.014747    0.382327    4.168962    
9           89        1           57.2600     0.009969    0.685142    5.660923    
9           90        1           56.6500     0.009969    0.819615    7.239666    
9           91        1           56.5500     0.020857    0.453379    4.529571    
9           92        1           54.1400     0.019617    0.403193    3.795215    
9           93        1           47.7000     0.012820    0.531766    7.236402    
9           94        1           47.3600     0.013939    0.498515    4.979845    
9           95        1           49.2800     0.034277    0.215965    3.087654    
9           96        1           49.7900     0.007351    0.921866    9.825439    
9           97        1           34.4100     0.016339    0.422592    5.181835    
9           98        1           55.3100     0.016201    0.544977    5.280718    
9           99        1           45.8300     0.010828    0.742534    4.702444    
10          0         1           51.6900     0.020118    0.287416    3.242809    
10          1         1           31.0500     0.015451    0.467475    6.070261    
10          2         1           48.9300     0.006223    0.831361    11.311913   
10          3         1           60.1100     0.011475    0.391886    4.918175    
10          4         1           34.7700     0.018546    0.336192    4.346172    
10          5         1           63.5000     0.011720    0.346577    3.988737    
10          6         1           59.6200     0.015931    0.603593    5.744936    
10          7         1           57.7100     0.012271    0.539589    6.030472    
10          8         1           44.0500     0.013730    0.527904    4.937034    
10          9         1           54.9500     0.015813    0.541495    5.084638    
10          10        1           19.3000     0.034013    0.322726    5.643718    
10          11        1           58.2800     0.007270    0.550400    5.438405    
10          12        1           51.3000     0.021035    0.287729    3.800918    
10          13        1           42.3000     0.011598    0.476747    5.476765    
10          14        1           52.3000     0.016538    0.403699    4.437785    
10          15        1           36.9600     0.018502    0.528845    8.633572    
10          16        1           80.3200     0.017593    0.687139    6.848907    
10          17        1           52.3400     0.029714    0.264641    3.479830    
10          18        1           65.4700     0.012584    0.471567    4.561634    
10          19        1           59.6700     0.012846    0.557905    5.732223    
10          20        1           47.2700     0.009642    0.457543    4.456118    
10          21        1           61.4100     0.019092    0.463610    5.150479    
10          22        1           54.8500     0.013630    0.798851    7.959085    
10          23        1           42.8000     0.008132    0.731544    9.570350    
10          24        1           44.2700     0.035369    0.143450    2.459312    
10          25        1           63.0800     0.014023    0.562767    5.170758    
10          26        1           33.2800     0.009976    0.442350    5.921905    
10          27        1           41.6800     0.008017    0.701974    10.574727   
10          28        1           59.6700     0.017114    0.425074    4.229292    
10          29        1           44.8800     0.018279    0.559027    5.686560    
10          30        1           56.8600     0.006154    0.786502    7.851761    
10          31        1           48.4200     0.009568    0.609613    6.628904    
10          32        1           37.0200     0.009806    0.476339    4.370775    
10          33        1           39.2300     0.007793    0.689861    8.798409    
10          34        1           59.0000     0.014153    0.601900    6.161639    
10          35        1           48.3200     0.012267    0.349889    4.426129    
10          36        1           56.7200     0.016050    0.432471    5.037385    
10          37        1           52.3300     0.026566    0.265303    4.084750    
10          38        1           46.6100     0.022198    0.383826    4.238735    
10          39        1           34.2200     0.037259    0.197793    3.625526    
10          40        1           49.2100     0.025124    0.253622    3.322154    
10          41        1           62.2200     0.017796    0.450250    5.221522    
10          42        1           48.3000     0.020673    0.234015    3.292101    
10          43        1           48.8200     0.023508    0.310246    4.498904    
10          44        1           56.5700     0.011461    0.634282    6.433477    
10          45        1           57.1900     0.020803    0.412899    4.548237    
10          46        1           52.9100     0.014072    0.374407    4.756376    
10          47        1           46.3500     0.019369    0.433094    5.540881    
10          48        1           58.8100     0.019554    0.297545    4.155484    
10          49        1           56.9100     0.014174    0.455100    5.269295    
10          50        1           36.9300     0.010734    0.377976    5.059000    
10          51        1           30.4500     0.018529    0.672519    8.645620    
10          52        1           49.0700     0.027524    0.260971    3.401224    
10          53        1           48.7200     0.013776    0.610010    7.449000    
10          54        1           37.0500     0.036648    0.337036    4.060887    
10          55        1           54.3700     0.012622    0.473973    5.304452    
10          56        1           37.7100     0.026331    0.343024    4.772864    
10          57        1           55.0200     0.020462    0.316008    3.998451    
10          58        1           41.6400     0.008830    0.803851    8.826515    
10          59        1           59.7000     0.015617    0.562622    5.360531    
10          60        1           38.7000     0.009840    0.459257    6.740005    
10          61        1           46.9500     0.010067    0.564092    5.747032    
10          62        1           60.5000     0.016017    0.371722    3.779531    
10          63        1           51.7600     0.011938    0.318992    4.867320    
10          64        1           32.7300     0.024274    0.472326    8.700775    
10          65        1           70.0900     0.012101    0.617896    6.831358    
10          66        1           55.2700     0.006486    0.881381    9.976147    
10          67        1           54.7900     0.023554    0.366834    4.308598    
10          68        1           52.2100     0.017104    0.687144    7.233528    
10          69        1           27.4400     0.014621    0.515882    6.077556    
10          70        1           51.5600     0.016124    0.435078    4.326820    
10          71        1           50.9500     0.033152    0.282395    4.299664    
10          72        1           69.8300     0.011496    0.917774    10.460017   
10          73        1           65.3600     0.013040    0.893843    9.251688    
10          74        1           63.5900     0.012839    0.632791    6.640132    
10          75        1           43.5200     0.019866    0.263990    3.647125    
10          76        1           54.8600     0.012550    0.556870    6.146952    
10          77        1           44.1600     0.012854    0.513199    5.680354    
10          78        1           48.2200     0.013929    0.442480    5.201427    
10          79        1           40.9500     0.027066    0.244312    3.748987    
10          80        1           38.2800     0.015897    0.343710    4.412555    
10          81        1           46.5900     0.014251    0.563163    6.204201    
10          82        1           50.8800     0.034143    0.344895    4.125481    
10          83        1           59.6600     0.017338    0.483547    5.173426    
10          84        1           54.2200     0.009870    0.493698    6.773279    
10          85        1           42.6300     0.012430    0.483874    7.653852    
10          86        1           59.1900     0.015466    0.481163    6.329726    
10          87        1           54.4700     0.012732    0.313956    3.592822    
10          88        1           49.1300     0.012758    0.363598    4.548204    
10          89        1           55.5000     0.007037    0.755282    11.901119   
10          90        1           67.8600     0.007633    0.851591    10.158661   
10          91        1           58.6600     0.020482    0.378321    4.249242    
10          92        1           59.1300     0.017043    0.447815    6.064345    
10          93        1           39.1200     0.010463    0.584830    9.481467    
10          94        1           56.6700     0.015170    0.451439    4.705668    
10          95        1           47.2300     0.042775    0.190492    2.829700    
10          96        1           33.7300     0.008219    0.822688    9.432969    
10          97        1           26.5900     0.015453    0.364869    4.651763    
10          98        1           56.6200     0.013189    0.488984    5.486164    
10          99        1           63.0100     0.008719    0.851782    9.138760    
