GlobalRnd ClientID LocEpoch   Accuracy         LR       Loss   GradNorm
       1        0        1    90.8164   0.033568   0.537184   0.000000
       1        1        1    90.0010   0.020633   0.640714   0.000000
       1        2        1    90.5874   0.048124   0.576384   0.000000
       2        0        1    88.5444   0.033568   0.329215   0.000000
       2        1        1    91.1924   0.011555   0.307436   0.000000
       2        2        1    87.1415   0.048124   0.313885   0.000000
       3        0        1    95.8382   0.059942   0.189768   0.000000
       3        1        1    92.8950   0.020633   0.210346   0.000000
       3        2        1    96.7841   0.048124   0.187625   0.000000
       4        0        1    97.1281   0.107039   0.143882   0.000000
       4        1        1    97.0625   0.065795   0.163626   0.000000
       4        2        1    96.7988   0.085936   0.134377   0.000000
       5        0        1    97.6431   0.107039   0.112044   0.000000
       5        1        1    97.3760   0.065795   0.120539   0.000000
       5        2        1    98.1057   0.085936   0.108764   0.000000
       6        0        1    96.8149   0.107039   0.094823   0.000000
       6        1        1    98.2973   0.117490   0.090782   0.000000
       6        2        1    98.2281   0.085936   0.086538   0.000000
       7        0        1    97.4626   0.107039   0.083299   0.000000
       7        1        1    98.4903   0.065795   0.081175   0.000000
       7        2        1    98.3651   0.085936   0.077016   0.000000
       8        0        1    94.3572   0.107039   0.072250   0.000000
       8        1        1    98.0947   0.209804   0.071033   0.000000
       8        2        1    98.6833   0.153457   0.070993   0.000000
       9        0        1    98.2641   0.107039   0.068642   0.000000
       9        1        1    98.0899   0.065795   0.067191   0.000000
       9        2        1    98.6001   0.153457   0.061554   0.000000
      10        0        1    98.6304   0.107039   0.058419   0.000000
      10        1        1    98.9195   0.209804   0.059827   0.000000
      10        2        1    98.4924   0.153457   0.055176   0.000000
      11        0        1    98.0624   0.191141   0.059242   0.000000
      11        1        1    98.9871   0.117490   0.049786   0.000000
      11        2        1    98.9476   0.085936   0.046301   0.000000
      12        0        1    98.0730   0.191141   0.046031   0.000000
      12        1        1    99.1366   0.117490   0.043853   0.000000
      12        2        1    99.1826   0.274030   0.047329   0.000000
      13        0        1    97.1918   0.191141   0.044589   0.000000
      13        1        1    98.6398   0.117490   0.046577   0.000000
      13        2        1    99.0700   0.153457   0.038673   0.000000
      14        0        1    99.0870   0.191141   0.039835   0.000000
      14        1        1    98.6543   0.209804   0.044719   0.000000
      14        2        1    99.3245   0.274030   0.036364   0.000000
      15        0        1    99.0763   0.191141   0.040533   0.000000
      15        1        1    99.1366   0.117490   0.034396   0.000000
      15        2        1    99.1532   0.085936   0.033033   0.000000
      16        0        1    99.2462   0.107039   0.039286   0.000000
      16        1        1    99.2041   0.117490   0.029969   0.000000
      16        2        1    99.2952   0.153457   0.029940   0.000000
      17        0        1    99.3364   0.341324   0.030322   0.000000
      17        1        1    99.0353   0.117490   0.028588   0.000000
      17        2        1    98.9036   0.153457   0.031730   0.000000
      18        0        1    99.2887   0.107039   0.035967   0.000000
      18        1        1    99.0305   0.117490   0.024981   0.000000
      18        2        1    99.3098   0.085936   0.027827   0.000000
      19        0        1    99.4161   0.107039   0.035647   0.000000
      19        1        1    99.1800   0.117490   0.025349   0.000000
      19        2        1    99.3979   0.153457   0.027455   0.000000
      20        0        1    95.8435   0.059942   0.030271   0.000000
      20        1        1    97.9741   0.117490   0.023914   0.000000
      20        2        1    99.4126   0.085936   0.021698   0.000000
      21        0        1    99.2834   0.107039   0.032764   0.000000
      21        1        1    99.3633   0.117490   0.023543   0.000000
      21        2        1    99.2070   0.153457   0.024136   0.000000
      22        0        1    99.4108   0.191141   0.024230   0.000000
      22        1        1    99.3585   0.209804   0.021515   0.000000
      22        2        1    99.1973   0.153457   0.023221   0.000000
      23        0        1    99.4055   0.191141   0.026855   0.000000
      23        1        1    99.5466   0.209804   0.019932   0.000000
      23        2        1    99.3735   0.153457   0.020779   0.000000
      24        0        1    99.2887   0.059942   0.023151   0.000000
      24        1        1    99.5659   0.117490   0.016799   0.000000
      24        2        1    99.4224   0.085936   0.022129   0.000000
      25        0        1    99.5010   0.107039   0.021566   0.000000
      25        1        1    99.4935   0.209804   0.016422   0.000000
      25        2        1    99.4273   0.153457   0.024013   0.000000
      26        0        1    99.4957   0.107039   0.018957   0.000000
      26        1        1    99.4549   0.209804   0.019485   0.000000
      26        2        1    99.4812   0.153457   0.018920   0.000000
      27        0        1    99.3046   0.107039   0.023349   0.000000
      27        1        1    99.0160   0.065795   0.017190   0.000000
      27        2        1    99.4518   0.153457   0.021382   0.000000
      28        0        1    99.4320   0.107039   0.022438   0.000000
      28        1        1    99.4839   0.117490   0.018107   0.000000
      28        2        1    99.4714   0.085936   0.018155   0.000000
      29        0        1    99.5913   0.107039   0.022075   0.000000
      29        1        1    99.6382   0.117490   0.013797   0.000000
      29        2        1    99.6133   0.274030   0.019339   0.000000
      30        0        1    99.5222   0.059942   0.015536   0.000000
      30        1        1    99.5804   0.117490   0.017339   0.000000
      30        2        1    99.4665   0.153457   0.020428   0.000000
      31        0        1    99.5063   0.191141   0.023875   0.000000
      31        1        1    99.6382   0.374650   0.014401   0.000000
      31        2        1    99.6133   0.153457   0.020327   0.000000
      32        0        1    99.6974   0.107039   0.019962   0.000000
      32        1        1    99.5948   0.117490   0.014960   0.000000
      32        2        1    99.4224   0.274030   0.019758   0.000000
      33        0        1    99.6072   0.191141   0.016595   0.000000
      33        1        1    99.6431   0.209804   0.014724   0.000000
      33        2        1    99.6280   0.274030   0.014954   0.000000
      34        0        1    99.5329   0.107039   0.021971   0.000000
      34        1        1    99.6334   0.117490   0.015080   0.000000
      34        2        1    99.6329   0.153457   0.013116   0.000000
      35        0        1    99.6496   0.107039   0.016785   0.000000
      35        1        1    99.5177   0.209804   0.013700   0.000000
      35        2        1    99.6231   0.153457   0.012882   0.000000
      36        0        1    99.5700   0.609507   0.018989   0.000000
      36        1        1    98.8134   0.209804   0.015946   0.000000
      36        2        1    99.5888   0.153457   0.015114   0.000000
      37        0        1    99.7027   0.191141   0.016022   0.000000
      37        1        1    99.4887   0.065795   0.014351   0.000000
      37        2        1    98.6735   0.153457   0.020949   0.000000
      38        0        1    99.6125   0.059942   0.011727   0.000000
      38        1        1    99.6238   0.669018   0.013776   0.000000
      38        2        1    99.6721   0.085936   0.014026   0.000000
      39        0        1    99.4214   0.107039   0.014836   0.000000
      39        1        1    99.5418   0.209804   0.018409   0.000000
      39        2        1    99.5056   0.153457   0.018004   0.000000
      40        0        1    99.6550   0.191141   0.013471   0.000000
      40        1        1    99.6720   0.374650   0.016520   0.000000
      40        2        1    99.3930   0.085936   0.017452   0.000000
      41        0        1    99.7080   0.609507   0.014734   0.000000
      41        1        1    99.6865   0.065795   0.012159   0.000000
      41        2        1    99.6916   0.085936   0.013396   0.000000
      42        0        1    99.6762   0.107039   0.014617   0.000000
      42        1        1    99.6817   0.669018   0.012209   0.000000
      42        2        1    99.3930   0.274030   0.013421   0.000000
      43        0        1    99.6815   0.107039   0.015682   0.000000
      43        1        1    99.6624   0.209804   0.013103   0.000000
      43        2        1    99.6721   0.274030   0.013645   0.000000
      44        0        1    99.6656   0.059942   0.015477   0.000000
      44        1        1    99.6334   0.117490   0.016233   0.000000
      44        2        1    99.5839   0.085936   0.012507   0.000000
      45        0        1    99.6868   0.341324   0.013400   0.000000
      45        1        1    99.6720   0.374650   0.015157   0.000000
      45        2        1    99.6525   0.085936   0.014117   0.000000
      46        0        1    99.6815   0.341324   0.013112   0.000000
      46        1        1    99.7395   0.117490   0.010987   0.000000
      46        2        1    99.6721   0.085936   0.013793   0.000000
      47        0        1    99.6921   0.191141   0.014254   0.000000
      47        1        1    99.7202   0.065795   0.010793   0.000000
      47        2        1    99.6133   0.085936   0.013237   0.000000
      48        0        1    99.5966   0.107039   0.024567   0.000000
      48        1        1    99.6961   0.669018   0.010624   0.000000
      48        2        1    99.6672   0.153457   0.011839   0.000000
      49        0        1    99.6072   0.341324   0.015038   0.000000
      49        1        1    99.7395   0.374650   0.010529   0.000000
      49        2        1    99.6769   0.274030   0.016129   0.000000
      50        0        1    99.5913   0.059942   0.014163   0.000000
      50        1        1    99.7395   0.374650   0.010364   0.000000
      50        2        1    99.6769   0.153457   0.013446   0.000000
