GlobalRnd   ClientID  LocEpoch    Accuracy    LR          Loss        GradNorm    
1           0         2           90.2900     0.082328    0.291529    3.155594    
1           1         2           94.2200     0.104474    0.302006    3.195310    
1           2         2           92.9600     0.112153    0.333038    3.143274    
1           3         2           94.7000     0.110356    0.303147    2.959310    
1           4         2           92.7700     0.100850    0.317811    3.098610    
1           5         2           92.9000     0.095615    0.310392    3.126841    
1           6         2           93.0700     0.123183    0.301316    2.849030    
1           7         2           84.7000     0.086811    0.312566    3.294528    
1           8         2           93.8000     0.135278    0.272156    2.711989    
1           9         2           90.4500     0.098606    0.232857    2.911753    
2           0         2           92.1100     0.141893    0.185150    2.295392    
2           1         2           96.1500     0.125977    0.176929    2.180514    
2           2         2           96.2200     0.114977    0.155106    2.131604    
2           3         2           95.1600     0.132303    0.174667    2.184782    
2           4         2           95.2700     0.130052    0.181383    2.346823    
2           5         2           95.3700     0.134567    0.153773    2.173233    
2           6         2           94.1800     0.129316    0.165427    2.176663    
2           7         2           96.3400     0.125165    0.159863    2.200797    
2           8         2           95.4000     0.123178    0.153937    2.123890    
2           9         2           94.6600     0.117532    0.155579    2.211877    
3           0         2           96.8100     0.153779    0.114941    1.689097    
3           1         2           94.0700     0.151828    0.113779    1.747164    
3           2         2           96.3800     0.142245    0.105864    1.718780    
3           3         2           96.6600     0.148136    0.119012    1.677695    
3           4         2           96.1600     0.138174    0.112075    1.703020    
3           5         2           96.7200     0.150173    0.124801    1.687339    
3           6         2           96.9100     0.148982    0.119639    1.728661    
3           7         2           97.0300     0.158454    0.110762    1.587778    
3           8         2           96.6300     0.122700    0.101931    1.683170    
3           9         2           95.0200     0.156120    0.092923    1.536966    
4           0         2           96.7800     0.151904    0.102033    1.516943    
4           1         2           97.2200     0.159077    0.091453    1.468020    
4           2         2           97.0600     0.144572    0.081789    1.397339    
4           3         2           96.5100     0.148672    0.092852    1.357442    
4           4         2           97.3900     0.141931    0.098047    1.524466    
4           5         2           97.7200     0.164430    0.092748    1.392443    
4           6         2           97.0800     0.144145    0.096831    1.566125    
4           7         2           97.6600     0.148486    0.078935    1.364398    
4           8         2           97.5200     0.163103    0.088288    1.477168    
4           9         2           96.3300     0.149093    0.074877    1.369017    
5           0         2           98.1100     0.171575    0.078616    1.312022    
5           1         2           97.9000     0.149619    0.075519    1.317680    
5           2         2           97.6500     0.167036    0.079160    1.300966    
5           3         2           97.9300     0.167615    0.076254    1.242575    
5           4         2           97.9800     0.156163    0.076287    1.327115    
5           5         2           97.8100     0.154918    0.068271    1.310462    
5           6         2           97.5200     0.150310    0.070116    1.342387    
5           7         2           96.8100     0.159978    0.067183    1.227394    
5           8         2           97.5500     0.149673    0.070844    1.264163    
5           9         2           97.7500     0.167698    0.064131    1.152990    
6           0         2           97.9200     0.150629    0.068125    1.207582    
6           1         2           97.1900     0.140409    0.059909    1.257583    
6           2         2           97.9900     0.175646    0.071199    1.196592    
6           3         2           97.8600     0.173636    0.056042    1.131021    
6           4         2           98.2000     0.148795    0.063628    1.227602    
6           5         2           98.0500     0.172483    0.065548    1.205391    
6           6         2           97.8600     0.159343    0.064480    1.200870    
6           7         2           97.7900     0.171513    0.060702    1.126708    
6           8         2           97.8300     0.158212    0.066748    1.192073    
6           9         2           97.4000     0.164667    0.041564    1.045269    
7           0         2           97.2200     0.162890    0.059988    1.161832    
7           1         2           98.4500     0.147410    0.055859    1.207068    
7           2         2           97.4800     0.166397    0.058556    1.149881    
7           3         2           97.6600     0.173576    0.054523    1.096276    
7           4         2           97.9000     0.163650    0.057483    1.120647    
7           5         2           96.2300     0.161713    0.065419    1.166025    
7           6         2           98.3200     0.181317    0.055086    1.157113    
7           7         2           98.0900     0.168122    0.051990    1.029046    
7           8         2           97.2000     0.140550    0.052560    1.093777    
7           9         2           97.4900     0.156649    0.053889    1.106412    
8           0         2           97.3100     0.181344    0.046587    1.057299    
8           1         2           98.3700     0.163172    0.053378    1.158343    
8           2         2           98.4500     0.180696    0.045864    1.043357    
8           3         2           98.2000     0.160679    0.050990    1.069147    
8           4         2           98.3900     0.154923    0.055235    1.067520    
8           5         2           97.7300     0.174484    0.047360    1.058748    
8           6         2           98.3300     0.161752    0.066004    1.169630    
8           7         2           97.6900     0.178869    0.057767    1.033128    
8           8         2           98.3900     0.172978    0.039303    0.963612    
8           9         2           97.9700     0.189466    0.044404    0.986673    
9           0         2           98.3200     0.171218    0.043310    1.046013    
9           1         2           98.0000     0.167450    0.060740    1.178991    
9           2         2           98.2500     0.141610    0.046344    1.052049    
9           3         2           98.6500     0.160680    0.043552    1.021644    
9           4         2           97.8100     0.172933    0.048710    1.058879    
9           5         2           98.3200     0.187799    0.053047    1.005820    
9           6         2           98.3500     0.200360    0.057582    1.142357    
9           7         2           98.1600     0.232413    0.044836    0.943707    
9           8         2           97.7000     0.160988    0.038261    1.028693    
9           9         2           97.9200     0.174095    0.041438    0.950194    
10          0         2           98.4500     0.224164    0.048676    1.013192    
10          1         2           98.4200     0.145155    0.046360    1.121486    
10          2         2           98.6300     0.183717    0.035622    0.903198    
10          3         2           98.4100     0.167101    0.043131    1.016702    
10          4         2           96.6600     0.182505    0.062162    1.092095    
10          5         2           98.4000     0.209352    0.053394    0.966829    
10          6         2           98.5600     0.191753    0.047820    1.041683    
10          7         2           98.5600     0.190280    0.035802    0.892722    
10          8         2           98.3800     0.129075    0.043282    1.010891    
10          9         2           97.9400     0.190151    0.038955    0.894287    
11          0         2           98.5900     0.189010    0.041178    0.994117    
11          1         2           98.6300     0.133268    0.040896    1.010845    
11          2         2           98.6700     0.173588    0.029171    0.831392    
11          3         2           98.6200     0.227562    0.038394    0.933551    
11          4         2           98.4800     0.180359    0.044330    0.999743    
11          5         2           95.4000     0.182881    0.049193    0.969430    
11          6         2           98.5300     0.169787    0.038773    1.074438    
11          7         2           98.5200     0.184005    0.047696    0.930063    
11          8         2           98.5600     0.180246    0.043174    0.987004    
11          9         2           98.4200     0.185588    0.037117    0.914092    
12          0         2           97.7400     0.155018    0.042908    1.022704    
12          1         2           98.5600     0.146496    0.041054    1.019300    
12          2         2           98.5800     0.175627    0.037728    0.899342    
12          3         2           98.4600     0.183636    0.038586    0.931818    
12          4         2           98.5400     0.177781    0.044014    0.984866    
12          5         2           98.2800     0.164534    0.041945    1.002544    
12          6         2           98.5700     0.182089    0.041161    1.070512    
12          7         2           98.4900     0.147490    0.035011    0.902000    
12          8         2           98.6300     0.221933    0.031522    0.910817    
12          9         2           98.6100     0.190927    0.037522    0.896946    
13          0         2           98.7300     0.198465    0.030761    0.908946    
13          1         2           98.1700     0.159771    0.040615    1.018722    
13          2         2           98.7500     0.168590    0.029805    0.795837    
13          3         2           98.8400     0.159578    0.031581    0.851201    
13          4         2           98.6400     0.190622    0.035998    0.971859    
13          5         2           98.7000     0.189124    0.033388    0.889554    
13          6         2           98.7100     0.180298    0.049562    0.983263    
13          7         2           98.4600     0.192528    0.035811    0.843978    
13          8         2           98.6800     0.240068    0.026729    0.842875    
13          9         2           98.5100     0.183713    0.043358    1.012643    
14          0         2           98.8100     0.144182    0.031564    0.888264    
14          1         2           98.4700     0.154154    0.039241    1.033422    
14          2         2           98.4200     0.290421    0.036529    0.814655    
14          3         2           98.6200     0.159524    0.037642    0.893066    
14          4         2           98.5800     0.161255    0.043120    1.075762    
14          5         2           98.5200     0.190735    0.043745    0.891274    
14          6         2           98.4700     0.149551    0.045146    1.057704    
14          7         2           98.5100     0.240104    0.035936    0.886522    
14          8         2           98.7100     0.171539    0.035640    0.914500    
14          9         2           98.7300     0.225477    0.036462    0.825205    
15          0         2           98.5900     0.142711    0.047298    0.999375    
15          1         2           98.6500     0.193543    0.041273    1.029890    
15          2         2           98.6100     0.222572    0.038234    0.881351    
15          3         2           98.8800     0.185708    0.029755    0.776115    
15          4         2           98.3900     0.191041    0.039371    1.015878    
15          5         2           98.6700     0.178352    0.038547    0.922713    
15          6         2           98.6600     0.189669    0.034406    0.981617    
15          7         2           96.0900     0.187087    0.040339    0.843497    
15          8         2           98.2500     0.141025    0.038543    0.933804    
15          9         2           98.6900     0.205326    0.036892    0.804148    
16          0         2           98.7600     0.177587    0.033921    0.885069    
16          1         2           98.2100     0.184478    0.031817    0.926402    
16          2         2           98.5800     0.271585    0.030447    0.836744    
16          3         2           98.6100     0.426559    0.025323    0.701163    
16          4         2           98.8000     0.212973    0.033255    0.947177    
16          5         2           98.2900     0.173139    0.044703    0.906342    
16          6         2           98.4100     0.173003    0.047983    0.984765    
16          7         2           98.6300     0.220654    0.030492    0.787716    
16          8         2           98.7100     0.232040    0.034300    0.855620    
16          9         2           98.6700     0.196884    0.030455    0.825177    
17          0         2           98.7900     0.179708    0.030437    0.826635    
17          1         2           98.4900     0.138075    0.040198    0.990881    
17          2         2           98.4800     0.208327    0.024006    0.819132    
17          3         2           98.6400     0.211897    0.026907    0.769518    
17          4         2           98.5900     0.170273    0.032015    0.949792    
17          5         2           98.8600     0.314920    0.034039    0.842315    
17          6         2           98.7500     0.160842    0.035815    0.938571    
17          7         2           98.8100     0.280644    0.028141    0.724689    
17          8         2           98.5700     0.198409    0.031869    0.794348    
17          9         2           98.6800     0.183418    0.030215    0.794580    
18          0         2           98.7900     0.147764    0.042969    0.929481    
18          1         2           98.7600     0.163644    0.031731    0.894815    
18          2         2           98.7300     0.243686    0.037005    0.852661    
18          3         2           98.7900     0.151169    0.028133    0.822217    
18          4         2           98.7500     0.202349    0.040699    0.891976    
18          5         2           98.8100     0.195195    0.040559    0.914030    
18          6         2           98.7400     0.165383    0.042993    1.010115    
18          7         2           98.5600     0.193584    0.040185    0.791245    
18          8         2           98.7800     0.333812    0.029290    0.748645    
18          9         2           98.7600     0.280190    0.023515    0.849903    
19          0         2           98.7800     0.218676    0.027132    0.882436    
19          1         2           98.6100     0.145098    0.032786    0.946033    
19          2         2           98.7200     0.246675    0.033765    0.818528    
19          3         2           98.8700     0.165971    0.037969    0.802456    
19          4         2           98.5200     0.197556    0.040765    0.898491    
19          5         2           98.6200     0.250798    0.028160    0.855908    
19          6         2           98.7800     0.173200    0.032671    1.009469    
19          7         2           98.4900     0.156412    0.039261    0.838986    
19          8         2           98.6400     0.265102    0.057641    0.938918    
19          9         2           98.9100     0.305625    0.024166    0.801960    
20          0         2           98.9100     0.184266    0.033816    0.872976    
20          1         2           98.0800     0.182684    0.036951    0.980827    
20          2         2           98.4000     0.354951    0.028957    0.775235    
20          3         2           98.8100     0.141113    0.027772    0.854307    
20          4         2           98.8200     0.168537    0.033916    0.890794    
20          5         2           98.6300     0.166923    0.039492    0.929331    
20          6         2           98.8600     0.156247    0.035108    0.907635    
20          7         2           98.5500     0.221194    0.036373    0.826680    
20          8         2           98.8400     0.247596    0.029572    0.802463    
20          9         2           98.7400     0.254219    0.030236    0.781573    
21          0         2           98.7200     0.151489    0.034953    0.961592    
21          1         2           98.9100     0.159004    0.026499    0.844770    
21          2         2           98.7500     0.163389    0.037881    0.888014    
21          3         2           98.7300     0.235115    0.031542    0.740238    
21          4         2           98.7700     0.190401    0.029978    0.894140    
21          5         2           98.6600     0.209207    0.038479    0.882256    
21          6         2           98.9000     0.187696    0.023783    0.851949    
21          7         2           98.7500     0.203102    0.033720    0.848007    
21          8         2           98.9100     0.164079    0.029467    0.819782    
21          9         2           98.9400     0.346213    0.030044    0.760093    
22          0         2           98.9600     0.226731    0.033220    0.916819    
22          1         2           98.8000     0.201999    0.032100    0.871351    
22          2         2           98.6100     0.232504    0.036524    0.820815    
22          3         2           98.8800     0.234245    0.024209    0.772382    
22          4         2           98.9700     0.244786    0.032293    0.841267    
22          5         2           98.9100     0.195284    0.033506    0.900679    
22          6         2           98.9200     0.210113    0.036499    0.911205    
22          7         2           98.6800     0.249733    0.025788    0.760196    
22          8         2           98.7600     0.219461    0.030719    0.788859    
22          9         2           99.0400     0.391133    0.031531    0.799589    
23          0         2           98.8200     0.222335    0.028232    0.890004    
23          1         2           98.8400     0.215409    0.031050    0.876183    
23          2         2           98.8900     0.577547    0.021952    0.751645    
23          3         2           98.9000     0.215978    0.026161    0.807163    
23          4         2           98.6000     0.179315    0.039408    0.979662    
23          5         2           98.6400     0.160328    0.035287    0.920692    
23          6         2           98.3800     0.147225    0.045425    1.045703    
23          7         2           98.9400     0.227064    0.025178    0.737630    
23          8         2           98.8500     0.186867    0.027812    0.770340    
23          9         2           98.8500     0.234000    0.035752    0.862383    
24          0         2           98.9800     0.190393    0.041959    0.933306    
24          1         2           98.7100     0.171838    0.040898    0.877175    
24          2         2           98.8300     0.407959    0.027650    0.748594    
24          3         2           98.9400     0.278518    0.021180    0.690584    
24          4         2           98.9400     0.220298    0.026969    0.973770    
24          5         2           98.9700     0.241395    0.030433    0.855830    
24          6         2           98.9600     0.138000    0.035019    0.954282    
24          7         2           98.6300     0.347657    0.027102    0.778664    
24          8         2           98.9000     0.357145    0.028920    0.718378    
24          9         2           98.7300     0.268175    0.029580    0.929307    
25          0         2           98.9100     0.157471    0.035884    0.886075    
25          1         2           98.7300     0.227026    0.023241    0.932656    
25          2         2           98.6600     0.233257    0.031885    0.845179    
25          3         2           98.8800     0.164507    0.030240    0.835865    
25          4         2           98.6500     0.177219    0.033858    0.993369    
25          5         2           98.9700     0.181458    0.030391    0.884719    
25          6         2           98.9300     0.246259    0.028647    0.879532    
25          7         2           98.8000     0.254432    0.021271    0.859271    
25          8         2           98.9800     0.414239    0.027098    0.779223    
25          9         2           98.7000     0.205963    0.028758    0.857772    
26          0         2           98.5800     0.147258    0.037794    0.915790    
26          1         2           99.0000     0.234885    0.024753    0.884570    
26          2         2           98.9400     0.432272    0.029098    0.729496    
26          3         2           98.9500     0.422072    0.025448    0.821180    
26          4         2           99.0000     0.269455    0.028300    0.852857    
26          5         2           98.8100     0.349691    0.030323    0.842968    
26          6         2           98.4700     0.199065    0.034636    0.903591    
26          7         2           98.5400     0.401989    0.030920    0.769622    
26          8         2           98.9800     0.326725    0.026900    0.755663    
26          9         2           98.9800     0.312559    0.026454    0.804883    
27          0         2           98.7500     0.184605    0.042000    0.950204    
27          1         2           98.6100     0.122166    0.040586    0.940963    
27          2         2           98.9600     0.472156    0.023944    0.717414    
27          3         2           98.9400     0.193011    0.024164    0.739703    
27          4         2           98.8200     0.192400    0.033073    0.992817    
27          5         2           98.8700     0.173885    0.035556    0.911649    
27          6         2           98.8800     0.109142    0.042717    1.069393    
27          7         2           98.7400     0.237803    0.035240    0.826270    
27          8         2           98.9200     0.365149    0.027104    0.769113    
27          9         2           98.6700     0.222857    0.035434    0.896836    
28          0         2           98.8400     0.186597    0.035057    0.947081    
28          1         2           99.0100     0.270349    0.023629    0.765030    
28          2         2           98.9100     0.361472    0.024173    0.768735    
28          3         2           99.0400     0.407330    0.023090    0.676161    
28          4         2           99.0300     0.305188    0.029949    0.834894    
28          5         2           98.9600     0.243543    0.031756    0.751577    
28          6         2           98.8100     0.164204    0.030277    0.936284    
28          7         2           98.9300     0.328722    0.022867    0.710054    
28          8         2           99.0700     0.269121    0.021908    0.712038    
28          9         2           97.3500     0.815639    0.030155    0.791213    
29          0         2           99.0000     0.208843    0.022876    0.881549    
29          1         2           98.9900     0.207906    0.029884    0.851581    
29          2         2           98.8800     0.418539    0.024926    0.792627    
29          3         2           99.0600     0.424624    0.025642    0.703191    
29          4         2           99.0300     0.185219    0.044090    0.924585    
29          5         2           98.9600     0.361667    0.032676    0.787011    
29          6         2           98.9900     0.325284    0.030581    0.837566    
29          7         2           98.9900     0.202628    0.038454    0.839960    
29          8         2           98.9100     0.278104    0.021113    0.805567    
29          9         2           98.9800     0.618110    0.027443    0.750495    
30          0         2           98.8800     0.278314    0.025001    0.868385    
30          1         2           98.6800     0.130500    0.033979    0.979708    
30          2         2           98.8900     0.158124    0.027545    0.815583    
30          3         2           99.0000     0.528452    0.027073    0.746751    
30          4         2           98.9700     0.352577    0.036110    0.881011    
30          5         2           98.8900     0.210503    0.044633    0.943970    
30          6         2           98.8700     0.158828    0.034354    0.959365    
30          7         2           99.0600     0.760889    0.028580    0.712392    
30          8         2           98.9700     0.557101    0.029648    0.826404    
30          9         2           99.0900     0.735337    0.030474    0.863909    
31          0         2           98.8500     0.364489    0.033904    0.927526    
31          1         2           98.5100     0.222881    0.025372    0.848374    
31          2         2           98.9000     0.698981    0.028095    0.768254    
31          3         2           98.9300     0.332818    0.020840    0.805917    
31          4         2           98.8000     0.252079    0.022312    0.922030    
31          5         2           98.6300     0.363395    0.032014    0.812956    
31          6         2           98.5900     0.113333    0.044369    1.125316    
31          7         2           99.1200     0.907092    0.028299    0.701067    
31          8         2           99.0700     0.298707    0.027927    0.760374    
31          9         2           98.8700     0.416749    0.032656    0.821144    
32          0         2           99.0500     0.180455    0.027685    0.876913    
32          1         2           98.6800     0.257700    0.027922    0.941534    
32          2         2           98.8900     0.618757    0.023448    0.792870    
32          3         2           98.9800     0.364801    0.021549    0.806784    
32          4         2           99.1000     0.543632    0.025281    0.800584    
32          5         2           99.0400     0.289228    0.029810    0.843885    
32          6         2           98.9600     0.251337    0.030704    0.888306    
32          7         2           98.8900     0.324698    0.031372    0.770385    
32          8         2           98.6700     0.444208    0.029537    0.850456    
32          9         2           98.9300     0.352582    0.033288    0.872914    
33          0         2           98.9000     0.280026    0.038116    0.997850    
33          1         2           98.8700     0.125963    0.033588    0.924050    
33          2         2           98.9900     1.285695    0.025261    0.808210    
33          3         2           99.0500     0.578870    0.025061    0.807897    
33          4         2           98.9700     0.531769    0.029519    0.857994    
33          5         2           98.9300     0.235793    0.030772    0.907998    
33          6         2           98.9200     0.132974    0.042229    1.070765    
33          7         2           98.9600     0.530383    0.025885    0.777944    
33          8         2           98.7600     0.297984    0.033179    0.871031    
33          9         2           99.0500     0.753979    0.033519    0.872769    
34          0         2           98.9500     0.491426    0.031410    0.898872    
34          1         2           98.7400     0.267432    0.022230    0.806092    
34          2         2           98.9300     0.184347    0.038742    0.902945    
34          3         2           98.8800     0.327692    0.021806    0.889915    
34          4         2           98.9200     0.301587    0.034706    0.857971    
34          5         2           99.0300     0.305958    0.032645    0.896744    
34          6         2           98.9900     0.276925    0.029855    0.931958    
34          7         2           99.0000     0.357836    0.028009    0.826569    
34          8         2           99.0700     1.166609    0.028573    0.771940    
34          9         2           98.6700     0.130142    0.038559    0.941247    
35          0         2           99.0800     0.391352    0.030146    0.813042    
35          1         2           98.9500     0.385862    0.025711    0.838213    
35          2         2           99.0100     0.658818    0.026447    0.753544    
35          3         2           98.8100     0.355011    0.024433    0.814942    
35          4         2           99.0700     0.517770    0.026616    0.847043    
35          5         2           99.0700     0.321067    0.029819    0.886252    
35          6         2           99.1000     0.219904    0.022295    0.905522    
35          7         2           99.0000     0.387294    0.034887    0.801277    
35          8         2           99.1100     0.498079    0.031140    0.790100    
35          9         2           99.0300     0.808212    0.027477    0.809483    
36          0         2           98.8800     0.209870    0.035038    1.061202    
36          1         2           99.1000     0.313836    0.027714    0.841625    
36          2         2           98.9300     0.597713    0.026721    0.782791    
36          3         2           99.0500     0.260733    0.025211    0.836852    
36          4         2           99.0300     0.278567    0.035226    0.894356    
36          5         2           98.9800     0.383114    0.034414    0.874685    
36          6         2           99.0600     0.190002    0.022386    1.045863    
36          7         2           99.1000     0.948904    0.032753    0.739063    
36          8         2           98.9600     0.724263    0.027979    0.895622    
36          9         2           99.1000     0.632370    0.030619    0.859280    
37          0         2           99.0800     0.280707    0.029181    0.917371    
37          1         2           98.7500     0.209912    0.028265    0.931930    
37          2         2           99.0300     0.710850    0.025652    0.781201    
37          3         2           98.9600     0.522253    0.029422    0.824134    
37          4         2           99.1000     0.438125    0.028033    0.856172    
37          5         2           99.0900     0.528236    0.030008    0.875412    
37          6         2           99.0400     0.227308    0.030528    0.948026    
37          7         2           99.0800     1.540283    0.029392    0.750733    
37          8         2           99.0800     0.671354    0.032709    0.833288    
37          9         2           99.1400     1.565825    0.031869    0.863601    
38          0         2           99.1300     0.471255    0.032915    0.908689    
38          1         2           98.9000     0.546602    0.026624    0.922983    
38          2         2           99.0500     1.046674    0.029125    0.774988    
38          3         2           99.1000     0.871830    0.025701    0.805006    
38          4         2           99.1200     0.716890    0.030417    0.936561    
38          5         2           98.7900     0.174492    0.032532    1.053132    
38          6         2           99.0400     0.269468    0.026034    1.008533    
38          7         2           99.0800     0.742775    0.030976    0.796444    
38          8         2           98.9500     1.485558    0.031444    0.858388    
38          9         2           99.1500     0.792974    0.032129    0.930358    
39          0         2           98.9400     0.261878    0.033367    0.981361    
39          1         2           99.1400     0.402686    0.028469    0.980296    
39          2         2           99.0200     1.944193    0.030796    0.905183    
39          3         2           98.9100     0.279294    0.026935    0.860177    
39          4         2           99.0700     0.378106    0.029941    0.903424    
39          5         2           99.0900     0.670638    0.034558    0.958609    
39          6         2           98.9700     0.487795    0.035602    1.048301    
39          7         2           99.1000     1.302953    0.032009    0.853377    
39          8         2           99.0500     0.742572    0.030044    0.943733    
39          9         2           99.0700     1.512886    0.035051    0.947040    
40          0         2           99.0300     0.626143    0.032009    0.983672    
40          1         2           99.0900     0.335309    0.027137    0.979609    
40          2         2           99.0200     0.814667    0.031886    0.865093    
40          3         2           99.1300     0.343121    0.027365    0.883501    
40          4         2           99.0900     0.374519    0.030234    0.923021    
40          5         2           99.0000     1.899583    0.034130    0.981558    
40          6         2           99.0400     0.295857    0.034141    1.074174    
40          7         2           99.0700     0.316895    0.036260    0.922993    
40          8         2           98.6800     0.522836    0.033270    0.987633    
40          9         2           99.1400     1.105733    0.036498    1.003897    
41          0         2           99.0400     0.188895    0.040118    1.101045    
41          1         2           99.0900     0.443306    0.026559    0.980572    
41          2         2           99.0100     1.874331    0.034145    0.903820    
41          3         2           99.0800     0.556001    0.026468    0.857573    
41          4         2           99.1100     0.658584    0.033089    1.001637    
41          5         2           98.9200     0.222338    0.042920    1.130258    
41          6         2           98.1300     0.126006    0.037773    1.159615    
41          7         2           99.0500     1.104464    0.036785    0.887281    
41          8         2           99.0000     1.035603    0.028595    0.909351    
41          9         2           99.0800     2.497287    0.035397    0.981844    
42          0         2           99.0300     1.107160    0.031399    0.998433    
42          1         2           98.8400     0.197643    0.037021    1.129984    
42          2         2           99.0700     0.980464    0.031670    0.915515    
42          3         2           99.0700     0.736156    0.025683    0.855409    
42          4         2           98.9400     0.331157    0.044761    1.110606    
42          5         2           99.0400     0.841655    0.033670    1.066203    
42          6         2           99.1000     0.359035    0.031408    1.067279    
42          7         2           99.0500     0.535699    0.038065    0.932049    
42          8         2           99.0800     1.218838    0.034417    0.921429    
42          9         2           99.0800     1.521410    0.039617    1.056427    
43          0         2           99.0300     0.432531    0.031746    0.995437    
43          1         2           99.1100     0.398471    0.028414    1.026138    
43          2         2           98.8200     0.132672    0.044952    1.150151    
43          3         2           99.0000     1.604864    0.027437    0.887736    
43          4         2           99.0700     1.355530    0.033015    0.953151    
43          5         2           99.0400     0.587594    0.037071    1.061021    
43          6         2           98.7000     0.182170    0.044296    1.163589    
43          7         2           98.9800     0.477182    0.038474    0.872284    
43          8         2           98.9600     0.680315    0.030950    0.960227    
43          9         2           98.9900     1.279148    0.036818    1.068271    
44          0         2           99.0500     1.218894    0.031423    0.938437    
44          1         2           99.1100     0.552136    0.031881    0.981421    
44          2         2           99.0500     0.734955    0.031983    0.926427    
44          3         2           99.1100     0.675909    0.028548    0.857667    
44          4         2           99.0800     0.919421    0.032087    0.958488    
44          5         2           99.1200     0.837030    0.033383    0.997279    
44          6         2           98.9300     0.685952    0.032281    1.136257    
44          7         2           99.1200     0.726617    0.035746    0.925442    
44          8         2           99.1400     1.053761    0.028836    0.896361    
44          9         2           99.1000     1.721023    0.037996    0.983368    
45          0         2           98.9000     0.999806    0.037110    1.044102    
45          1         2           98.9900     0.420942    0.032797    1.046718    
45          2         2           99.0200     3.239298    0.030876    0.885451    
45          3         2           99.0800     1.393201    0.028048    0.911321    
45          4         2           99.1000     0.839647    0.032493    0.964877    
45          5         2           98.9900     0.739265    0.032880    1.020063    
45          6         2           99.0300     0.736191    0.034665    1.127318    
45          7         2           98.9900     2.086527    0.038440    0.931191    
45          8         2           99.0700     1.016449    0.031398    0.964083    
45          9         2           99.0300     2.827504    0.038165    1.045834    
46          0         2           99.0000     1.474712    0.033681    1.018284    
46          1         2           99.0500     0.250762    0.029354    1.058462    
46          2         2           98.9900     1.289570    0.032519    0.880514    
46          3         2           98.9900     0.932290    0.029837    0.957773    
46          4         2           99.0500     1.321792    0.033296    0.994865    
46          5         2           99.0700     1.026336    0.038496    1.028695    
46          6         2           99.0100     0.282288    0.037599    1.153179    
46          7         2           98.9500     0.366110    0.045199    1.026632    
46          8         2           98.9400     0.461053    0.033739    1.013762    
46          9         2           99.0500     1.019040    0.038695    1.084526    
47          0         2           99.0100     1.443012    0.035226    1.041537    
47          1         2           99.0000     0.252344    0.039794    1.119038    
47          2         2           99.0200     1.932425    0.032266    0.956881    
47          3         2           99.0300     0.598078    0.030015    0.899033    
47          4         2           99.0700     1.345737    0.035019    1.017214    
47          5         2           98.2200     0.243008    0.044498    1.216947    
47          6         2           99.0400     0.306871    0.034573    1.249771    
47          7         2           98.9600     3.394382    0.038316    0.944603    
47          8         2           99.0300     1.210705    0.032398    0.970054    
47          9         2           99.0500     1.464354    0.040204    1.093695    
48          0         2           99.0400     0.911735    0.035172    1.042431    
48          1         2           99.0100     0.797850    0.031776    1.105607    
48          2         2           99.0400     2.077675    0.032595    0.873959    
48          3         2           99.0500     1.161700    0.031544    0.953436    
48          4         2           99.0800     0.817542    0.036234    1.026074    
48          5         2           99.0700     0.641628    0.031804    1.105744    
48          6         2           98.9500     0.146673    0.045543    1.226133    
48          7         2           99.0100     1.745962    0.035745    0.873916    
48          8         2           99.0800     0.905487    0.033143    0.950302    
48          9         2           99.0800     2.359422    0.040080    1.086966    
49          0         2           99.0300     1.848616    0.036026    1.106476    
49          1         2           99.0200     0.595803    0.031263    1.153529    
49          2         2           99.0400     3.312185    0.032856    0.886652    
49          3         2           99.0400     0.846728    0.030071    1.016948    
49          4         2           99.1000     0.836139    0.036795    1.049337    
49          5         2           99.0400     2.382986    0.038980    1.053975    
49          6         2           98.8500     0.174421    0.048475    1.252916    
49          7         2           99.0400     2.060793    0.039527    0.921475    
49          8         2           99.0500     1.345848    0.031590    0.983557    
49          9         2           99.0600     2.061869    0.041428    1.116325    
50          0         2           99.0100     0.626655    0.038442    1.175176    
50          1         2           98.9200     0.152347    0.039161    1.232945    
50          2         2           98.9200     2.734368    0.033222    0.941587    
50          3         2           99.0700     1.889368    0.032120    0.993522    
50          4         2           99.0400     1.259564    0.036842    1.071875    
50          5         2           99.0500     0.594991    0.037571    1.110854    
50          6         2           98.7300     0.345137    0.044443    1.304228    
50          7         2           99.0000     0.800268    0.041475    0.975213    
50          8         2           99.0000     1.865975    0.034316    1.045742    
50          9         2           99.0000     0.226224    0.037481    1.311358    
