ClientID	NNPass_Train	TrainLoss	NNPass_Test	TestLoss
0	535	0.503515	535	0.380904
0	1070	0.226483	1070	0.229903
0	1605	0.147023	1605	0.164770
0	2140	0.117322	2140	0.151627
0	2675	0.093657	2675	0.137731
0	3210	0.084956	3210	0.110392
0	3745	0.077134	3745	0.142594
0	4280	0.066530	4280	0.085221
0	4815	0.057232	4815	0.171553
0	5350	0.051052	5350	0.130645
0	5885	0.054254	5885	0.123371
0	6420	0.047137	6420	0.069471
0	6955	0.048423	6955	0.112926
0	7490	0.044316	7490	0.097103
0	8025	0.045263	8025	0.096548
0	8560	0.042048	8560	0.129347
0	9095	0.040793	9095	0.066557
0	9630	0.050649	9630	0.085328
0	10165	0.032266	10165	0.065384
0	10700	0.040533	10700	0.100710
0	11235	0.037613	11235	0.272047
0	11770	0.036571	11770	0.073400
0	12305	0.041321	12305	0.106658
0	12840	0.032878	12840	0.068384
0	13375	0.030225	13375	0.121463
0	13910	0.031193	13910	0.084123
0	14445	0.032385	14445	0.142431
0	14980	0.030939	14980	0.063536
0	15515	0.033491	15515	0.101548
0	16050	0.028757	16050	0.096348
0	16585	0.032741	16585	0.126377
0	17120	0.030796	17120	0.060167
0	17655	0.027455	17655	0.194835
0	18190	0.033432	18190	0.083610
0	18725	0.040454	18725	0.094299
0	19260	0.036293	19260	0.074584
0	19795	0.028413	19795	0.089231
0	20330	0.035490	20330	0.067713
0	20865	0.027701	20865	0.068742
0	21400	0.026761	21400	0.129979
0	21935	0.026162	21935	0.070600
0	22470	0.033556	22470	0.082104
0	23005	0.029382	23005	0.093918
0	23540	0.024407	23540	0.082231
0	24075	0.023625	24075	0.060344
0	24610	0.032651	24610	0.192582
0	25145	0.027577	25145	0.064026
0	25680	0.024072	25680	0.267535
0	26215	0.026448	26215	0.076775
0	26750	0.033200	26750	0.074897
1	254	0.627515	254	2.422107
1	508	0.193998	508	0.775233
1	762	0.122148	762	0.624359
1	1016	0.083320	1016	0.378205
1	1270	0.067836	1270	0.349958
1	1524	0.056459	1524	0.251719
1	1778	0.048841	1778	0.300912
1	2032	0.047534	2032	0.248459
1	2286	0.041412	2286	0.120477
1	2540	0.043269	2540	0.137105
1	2794	0.032893	2794	0.091755
1	3048	0.031597	3048	0.167070
1	3302	0.025966	3302	0.123211
1	3556	0.027848	3556	0.094078
1	3810	0.024786	3810	0.112813
1	4064	0.026304	4064	0.098321
1	4318	0.021823	4318	0.081815
1	4572	0.020564	4572	0.072002
1	4826	0.020561	4826	0.075166
1	5080	0.019730	5080	0.077525
1	5334	0.021728	5334	0.083072
1	5588	0.023816	5588	0.077032
1	5842	0.019692	5842	0.065830
1	6096	0.019696	6096	0.070138
1	6350	0.026700	6350	0.093222
1	6604	0.019032	6604	0.065164
1	6858	0.020983	6858	0.076139
1	7112	0.028649	7112	0.105366
1	7366	0.020095	7366	0.076751
1	7620	0.024335	7620	0.110371
1	7874	0.023779	7874	0.064632
1	8128	0.021766	8128	0.063912
1	8382	0.021645	8382	0.067259
1	8636	0.021496	8636	0.068982
1	8890	0.020849	8890	0.064469
1	9144	0.021423	9144	0.070478
1	9398	0.023281	9398	0.077124
1	9652	0.020750	9652	0.063076
1	9906	0.020167	9906	0.080120
1	10160	0.027835	10160	0.055452
1	10414	0.019370	10414	0.056851
1	10668	0.020472	10668	0.067636
1	10922	0.025292	10922	0.048686
1	11176	0.024652	11176	0.075778
1	11430	0.020829	11430	0.065679
1	11684	0.033825	11684	0.071659
1	11938	0.021529	11938	0.070952
1	12192	0.021482	12192	0.059952
1	12446	0.020915	12446	0.057525
1	12700	0.019890	12700	0.061110
2	464	0.507542	464	1.154046
2	928	0.234359	928	0.511705
2	1392	0.158126	1392	0.422402
2	1856	0.119590	1856	0.368028
2	2320	0.094738	2320	0.347029
2	2784	0.080472	2784	0.195921
2	3248	0.071866	3248	0.161240
2	3712	0.059498	3712	0.275345
2	4176	0.052593	4176	0.171613
2	4640	0.052521	4640	0.119327
2	5104	0.047543	5104	0.147466
2	5568	0.044285	5568	0.181572
2	6032	0.045315	6032	0.269489
2	6496	0.036637	6496	0.118830
2	6960	0.038270	6960	0.105641
2	7424	0.037444	7424	0.252874
2	7888	0.036035	7888	0.096187
2	8352	0.041842	8352	0.130047
2	8816	0.045736	8816	0.087005
2	9280	0.036967	9280	0.103367
2	9744	0.040520	9744	0.114921
2	10208	0.036848	10208	0.155424
2	10672	0.034636	10672	0.085196
2	11136	0.031253	11136	0.115711
2	11600	0.032044	11600	0.152450
2	12064	0.032923	12064	0.076991
2	12528	0.033723	12528	0.121695
2	12992	0.039399	12992	0.184267
2	13456	0.030865	13456	0.090928
2	13920	0.033405	13920	0.114102
2	14384	0.033532	14384	0.081198
2	14848	0.032149	14848	0.104891
2	15312	0.029613	15312	0.077516
2	15776	0.028001	15776	0.084617
2	16240	0.028749	16240	0.175537
2	16704	0.024211	16704	0.080589
2	17168	0.030122	17168	0.074752
2	17632	0.024782	17632	0.110535
2	18096	0.029764	18096	0.074084
2	18560	0.029724	18560	0.168454
2	19024	0.024923	19024	0.113679
2	19488	0.024109	19488	0.103979
2	19952	0.024022	19952	0.173087
2	20416	0.022832	20416	0.073239
2	20880	0.022991	20880	0.081764
2	21344	0.023255	21344	0.086164
2	21808	0.027076	21808	0.078315
2	22272	0.027022	22272	0.088873
2	22736	0.023982	22736	0.130969
2	23200	0.028080	23200	0.088189
3	299	0.589129	299	1.666877
3	598	0.215560	598	0.656191
3	897	0.117958	897	0.555064
3	1196	0.092213	1196	0.275480
3	1495	0.079447	1495	0.286203
3	1794	0.064145	1794	0.251755
3	2093	0.052751	2093	0.105484
3	2392	0.045194	2392	0.145619
3	2691	0.048704	2691	0.209456
3	2990	0.038185	2990	0.176403
3	3289	0.032510	3289	0.114329
3	3588	0.039634	3588	0.149918
3	3887	0.035351	3887	0.143889
3	4186	0.030828	4186	0.122666
3	4485	0.018902	4485	0.104436
3	4784	0.024337	4784	0.102715
3	5083	0.021510	5083	0.201646
3	5382	0.024206	5382	0.102847
3	5681	0.024056	5681	0.098407
3	5980	0.025030	5980	0.122816
3	6279	0.025683	6279	0.126577
3	6578	0.023240	6578	0.088808
3	6877	0.020892	6877	0.081692
3	7176	0.023509	7176	0.083221
3	7475	0.021232	7475	0.095524
3	7774	0.020805	7774	0.101186
3	8073	0.020269	8073	0.102108
3	8372	0.020099	8372	0.070805
3	8671	0.021203	8671	0.104969
3	8970	0.016882	8970	0.095166
3	9269	0.019881	9269	0.082791
3	9568	0.018846	9568	0.077466
3	9867	0.019201	9867	0.082328
3	10166	0.021128	10166	0.073293
3	10465	0.024764	10465	0.111945
3	10764	0.019648	10764	0.081494
3	11063	0.020294	11063	0.081443
3	11362	0.019913	11362	0.076569
3	11661	0.021520	11661	0.071693
3	11960	0.032975	11960	0.079319
3	12259	0.020266	12259	0.074879
3	12558	0.019680	12558	0.074310
3	12857	0.024895	12857	0.095036
3	13156	0.021402	13156	0.065840
3	13455	0.024207	13455	0.074282
3	13754	0.021967	13754	0.152926
3	14053	0.018187	14053	0.068549
3	14352	0.016171	14352	0.069758
3	14651	0.022197	14651	0.071164
3	14950	0.019957	14950	0.077203
4	326	0.669671	326	1.617708
4	652	0.247766	652	0.624372
4	978	0.145089	978	0.404601
4	1304	0.119225	1304	0.461059
4	1630	0.091441	1630	0.393723
4	1956	0.078244	1956	0.287525
4	2282	0.070563	2282	0.182283
4	2608	0.060056	2608	0.288847
4	2934	0.055958	2934	0.181687
4	3260	0.058356	3260	0.282261
4	3586	0.056550	3586	0.238002
4	3912	0.049793	3912	0.215050
4	4238	0.053148	4238	0.112434
4	4564	0.039381	4564	0.118051
4	4890	0.042848	4890	0.129072
4	5216	0.045359	5216	0.108179
4	5542	0.037152	5542	0.205826
4	5868	0.037835	5868	0.095111
4	6194	0.038927	6194	0.156566
4	6520	0.035087	6520	0.135820
4	6846	0.042836	6846	0.078467
4	7172	0.033238	7172	0.106416
4	7498	0.034712	7498	0.125965
4	7824	0.030896	7824	0.082265
4	8150	0.040259	8150	0.162262
4	8476	0.047410	8476	0.114976
4	8802	0.039725	8802	0.110258
4	9128	0.036447	9128	0.134556
4	9454	0.025164	9454	0.112537
4	9780	0.039381	9780	0.176468
4	10106	0.032532	10106	0.096522
4	10432	0.036760	10432	0.114733
4	10758	0.031206	10758	0.071936
4	11084	0.034173	11084	0.177814
4	11410	0.026706	11410	0.090150
4	11736	0.030358	11736	0.075597
4	12062	0.029296	12062	0.218319
4	12388	0.032348	12388	0.225707
4	12714	0.032488	12714	0.088771
4	13040	0.033463	13040	0.097260
4	13366	0.025034	13366	0.077164
4	13692	0.030105	13692	0.064126
4	14018	0.027573	14018	0.294902
4	14344	0.030462	14344	0.127394
4	14670	0.030987	14670	0.087601
4	14996	0.026338	14996	0.072212
4	15322	0.023737	15322	0.084201
4	15648	0.024596	15648	0.060825
4	15974	0.025594	15974	0.072552
4	16300	0.029283	16300	0.108427
