GlobalRnd ClientID LocEpoch   Accuracy         LR       Loss   GradNorm
       1        0        1    92.0650   0.057468   0.632914   0.000000
       1        1        1    88.9200   0.102622   0.542188   0.000000
       1        2        1    90.8800   0.057468   0.631998   0.000000
       2        0        1    89.2000   0.102622   0.248148   0.000000
       2        1        1    94.0200   0.102622   0.238396   0.000000
       2        2        1    92.7050   0.102622   0.247267   0.000000
       3        0        1    95.9650   0.102622   0.162002   0.000000
       3        1        1    97.1150   0.102622   0.159993   0.000000
       3        2        1    94.5150   0.183253   0.155565   0.000000
       4        0        1    96.5600   0.183253   0.125332   0.000000
       4        1        1    97.3500   0.183253   0.120345   0.000000
       4        2        1    96.3450   0.183253   0.130906   0.000000
       5        0        1    97.8100   0.183253   0.108051   0.000000
       5        1        1    97.3700   0.327238   0.102014   0.000000
       5        2        1    97.3750   0.183253   0.101682   0.000000
       6        0        1    98.0150   0.183253   0.091912   0.000000
       6        1        1    97.9200   0.183253   0.079715   0.000000
       6        2        1    95.0950   0.183253   0.094941   0.000000
       7        0        1    98.1850   0.183253   0.081766   0.000000
       7        1        1    97.5800   0.183253   0.080296   0.000000
       7        2        1    98.2850   0.183253   0.077488   0.000000
       8        0        1    97.0800   0.183253   0.074359   0.000000
       8        1        1    98.1200   0.183253   0.062825   0.000000
       8        2        1    98.5650   0.183253   0.067705   0.000000
       9        0        1    98.6750   0.183253   0.060194   0.000000
       9        1        1    98.2350   0.327238   0.057687   0.000000
       9        2        1    98.1700   0.183253   0.062962   0.000000
      10        0        1    98.7550   0.183253   0.062925   0.000000
      10        1        1    98.2500   0.183253   0.052826   0.000000
      10        2        1    98.2000   0.183253   0.056350   0.000000
      11        0        1    97.0900   0.327238   0.049259   0.000000
      11        1        1    98.9750   0.327238   0.051785   0.000000
      11        2        1    98.7450   0.183253   0.052002   0.000000
      12        0        1    98.6850   0.183253   0.054069   0.000000
      12        1        1    99.0000   0.327238   0.045069   0.000000
      12        2        1    98.4950   0.183253   0.044642   0.000000
      13        0        1    97.1200   0.327238   0.045947   0.000000
      13        1        1    98.9550   0.183253   0.037895   0.000000
      13        2        1    99.0400   0.327238   0.040414   0.000000
      14        0        1    99.0150   0.183253   0.039154   0.000000
      14        1        1    98.9700   0.183253   0.040555   0.000000
      14        2        1    98.8200   0.183253   0.040716   0.000000
      15        0        1    98.0500   0.183253   0.035043   0.000000
      15        1        1    99.2700   0.102622   0.039028   0.000000
      15        2        1    99.1450   0.102622   0.037009   0.000000
      16        0        1    98.8700   0.183253   0.035273   0.000000
      16        1        1    98.5800   0.183253   0.029739   0.000000
      16        2        1    99.0650   0.327238   0.031004   0.000000
      17        0        1    98.9000   0.183253   0.037786   0.000000
      17        1        1    99.1650   0.183253   0.026832   0.000000
      17        2        1    98.8350   0.183253   0.035351   0.000000
      18        0        1    99.1450   0.584353   0.032531   0.000000
      18        1        1    99.1150   0.102622   0.027663   0.000000
      18        2        1    99.3250   0.183253   0.029479   0.000000
      19        0        1    99.2950   0.183253   0.026339   0.000000
      19        1        1    99.2850   0.102622   0.030931   0.000000
      19        2        1    99.1750   0.102622   0.030377   0.000000
      20        0        1    99.3350   0.102622   0.024177   0.000000
      20        1        1    99.3300   0.327238   0.021387   0.000000
      20        2        1    99.3550   0.327238   0.022919   0.000000
      21        0        1    99.2700   0.327238   0.026726   0.000000
      21        1        1    99.3100   0.327238   0.030626   0.000000
      21        2        1    99.1750   0.183253   0.024820   0.000000
      22        0        1    99.3550   0.102622   0.023154   0.000000
      22        1        1    98.7500   0.183253   0.018857   0.000000
      22        2        1    99.4100   0.183253   0.025212   0.000000
      23        0        1    99.3700   0.183253   0.022213   0.000000
      23        1        1    97.7850   0.102622   0.020822   0.000000
      23        2        1    99.5050   0.102622   0.017756   0.000000
      24        0        1    99.2700   0.183253   0.022865   0.000000
      24        1        1    99.5500   0.327238   0.016853   0.000000
      24        2        1    99.3900   0.183253   0.021340   0.000000
      25        0        1    99.3700   0.183253   0.023592   0.000000
      25        1        1    99.5250   0.183253   0.020080   0.000000
      25        2        1    99.5050   0.102622   0.018785   0.000000
      26        0        1    99.5000   0.327238   0.021880   0.000000
      26        1        1    99.3850   0.102622   0.018689   0.000000
      26        2        1    99.1050   0.102622   0.020877   0.000000
      27        0        1    99.5100   0.183253   0.017470   0.000000
      27        1        1    99.6050   0.183253   0.016720   0.000000
      27        2        1    99.2650   0.102622   0.017696   0.000000
      28        0        1    99.5350   0.183253   0.019325   0.000000
      28        1        1    99.4250   0.183253   0.014221   0.000000
      28        2        1    99.5650   0.327238   0.014945   0.000000
      29        0        1    99.5300   0.102622   0.017558   0.000000
      29        1        1    99.5750   0.327238   0.015649   0.000000
      29        2        1    99.6000   0.102622   0.012596   0.000000
      30        0        1    99.5500   0.183253   0.016191   0.000000
      30        1        1    99.4850   0.183253   0.015165   0.000000
      30        2        1    99.5850   0.102622   0.015252   0.000000
      31        0        1    99.6300   0.327238   0.012153   0.000000
      31        1        1    99.5300   0.183253   0.016031   0.000000
      31        2        1    99.6050   0.102622   0.016490   0.000000
      32        0        1    99.5150   0.183253   0.014699   0.000000
      32        1        1    99.4850   0.102622   0.010637   0.000000
      32        2        1    99.5050   0.183253   0.014708   0.000000
      33        0        1    99.4550   0.327238   0.013631   0.000000
      33        1        1    98.8700   0.102622   0.013716   0.000000
      33        2        1    99.6700   0.327238   0.012937   0.000000
      34        0        1    99.5950   0.183253   0.016754   0.000000
      34        1        1    99.5700   0.183253   0.010015   0.000000
      34        2        1    99.5550   0.183253   0.015019   0.000000
      35        0        1    99.6900   0.183253   0.013909   0.000000
      35        1        1    99.6600   0.183253   0.013002   0.000000
      35        2        1    99.5250   0.183253   0.013171   0.000000
      36        0        1    99.6200   0.102622   0.013348   0.000000
      36        1        1    99.4800   0.102622   0.013822   0.000000
      36        2        1    99.5300   0.183253   0.014424   0.000000
      37        0        1    99.4750   0.102622   0.013840   0.000000
      37        1        1    99.7100   0.327238   0.009938   0.000000
      37        2        1    99.4800   0.057468   0.013366   0.000000
      38        0        1    99.6300   0.183253   0.013477   0.000000
      38        1        1    98.6250   0.102622   0.015681   0.000000
      38        2        1    99.6650   1.043488   0.012072   0.000000
      39        0        1    99.6300   0.183253   0.012716   0.000000
      39        1        1    99.6100   0.327238   0.010956   0.000000
      39        2        1    99.4750   0.102622   0.011993   0.000000
      40        0        1    99.6250   0.102622   0.012629   0.000000
      40        1        1    99.6450   0.183253   0.011492   0.000000
      40        2        1    99.6400   0.584353   0.010720   0.000000
      41        0        1    99.6200   0.327238   0.014854   0.000000
      41        1        1    99.6250   0.183253   0.015065   0.000000
      41        2        1    99.2950   0.183253   0.013209   0.000000
      42        0        1    99.6350   0.057468   0.014181   0.000000
      42        1        1    99.6550   0.327238   0.012838   0.000000
      42        2        1    99.6400   0.102622   0.013264   0.000000
      43        0        1    99.6150   0.183253   0.017499   0.000000
      43        1        1    99.6650   0.183253   0.010121   0.000000
      43        2        1    99.6350   0.183253   0.011043   0.000000
      44        0        1    99.5600   0.327238   0.014139   0.000000
      44        1        1    99.6650   0.057468   0.010644   0.000000
      44        2        1    99.6800   0.327238   0.012799   0.000000
      45        0        1    99.6550   0.584353   0.014360   0.000000
      45        1        1    99.6550   1.043488   0.010499   0.000000
      45        2        1    99.6150   0.327238   0.011449   0.000000
      46        0        1    99.6650   1.043488   0.017408   0.000000
      46        1        1    99.6700   0.102622   0.009913   0.000000
      46        2        1    99.6200   0.183253   0.012119   0.000000
      47        0        1    99.6350   0.327238   0.013314   0.000000
      47        1        1    99.6650   0.183253   0.013193   0.000000
      47        2        1    99.6500   0.327238   0.010202   0.000000
      48        0        1    99.6700   0.327238   0.014052   0.000000
      48        1        1    99.6550   0.102622   0.009506   0.000000
      48        2        1    99.6350   0.327238   0.010913   0.000000
      49        0        1    99.4950   0.102622   0.013081   0.000000
      49        1        1    99.6550   0.102622   0.010118   0.000000
      49        2        1    99.6150   0.584353   0.011499   0.000000
      50        0        1    99.6500   1.043488   0.011376   0.000000
      50        1        1    99.6200   0.183253   0.010574   0.000000
      50        2        1    99.6600   0.584353   0.012521   0.000000
      51        0        1    99.6800   0.102622   0.012270   0.000000
      51        1        1    99.6050   0.183253   0.012946   0.000000
      51        2        1    99.6500   0.102622   0.012685   0.000000
      52        0        1    99.6450   0.183253   0.013026   0.000000
      52        1        1    99.5600   0.102622   0.012842   0.000000
      52        2        1    99.6450   0.102622   0.016013   0.000000
      53        0        1    99.6350   0.102622   0.013370   0.000000
      53        1        1    99.6700   1.043488   0.011043   0.000000
      53        2        1    99.6800   1.043488   0.010926   0.000000
      54        0        1    99.6450   0.327238   0.011947   0.000000
      54        1        1    99.6500   0.327238   0.010156   0.000000
      54        2        1    99.6550   0.183253   0.012315   0.000000
      55        0        1    99.6750   0.584353   0.012009   0.000000
      55        1        1    99.6600   0.183253   0.010638   0.000000
      55        2        1    99.6050   0.102622   0.016916   0.000000
      56        0        1    99.6900   1.043488   0.011967   0.000000
      56        1        1    99.5850   0.327238   0.014857   0.000000
      56        2        1    99.3900   0.102622   0.011698   0.000000
      57        0        1    99.6500   0.584353   0.012222   0.000000
      57        1        1    99.6600   1.043488   0.010748   0.000000
      57        2        1    99.6450   0.102622   0.010497   0.000000
      58        0        1    99.4250   0.327238   0.013241   0.000000
      58        1        1    99.6500   0.102622   0.011838   0.000000
      58        2        1    99.6600   0.584353   0.011078   0.000000
      59        0        1    99.6100   0.522635   0.013315   0.000000
      59        1        1    99.6800   0.327238   0.012421   0.000000
      59        2        1    99.6700   1.043488   0.012775   0.000000
      60        0        1    99.6300   0.327238   0.014390   0.000000
      60        1        1    99.6500   0.057468   0.013263   0.000000
      60        2        1    99.6550   0.183253   0.011332   0.000000
      61        0        1    99.6450   0.584353   0.013999   0.000000
      61        1        1    99.6250   0.584353   0.013195   0.000000
      61        2        1    99.6950   1.043488   0.011947   0.000000
      62        0        1    99.6700   1.043488   0.016914   0.000000
      62        1        1    99.6500   0.584353   0.012461   0.000000
      62        2        1    99.7150   1.043488   0.013217   0.000000
      63        0        1    99.6750   0.183253   0.011185   0.000000
      63        1        1    99.6700   0.327238   0.010439   0.000000
      63        2        1    99.6900   0.327238   0.010967   0.000000
      64        0        1    99.6600   0.327238   0.011165   0.000000
      64        1        1    99.6300   0.183253   0.010738   0.000000
      64        2        1    99.6950   0.327238   0.013676   0.000000
      65        0        1    99.6500   0.102622   0.011837   0.000000
      65        1        1    99.6950   1.043488   0.012328   0.000000
      65        2        1    99.6800   0.584353   0.011535   0.000000
      66        0        1    99.6050   0.327238   0.015482   0.000000
      66        1        1    99.6050   0.102622   0.014694   0.000000
      66        2        1    99.6650   0.102622   0.012467   0.000000
      67        0        1    99.6450   0.584353   0.012822   0.000000
      67        1        1    99.6850   0.327238   0.012035   0.000000
      67        2        1    99.6850   0.584353   0.011454   0.000000
      68        0        1    99.6600   0.327238   0.014257   0.000000
      68        1        1    99.6700   0.327238   0.014886   0.000000
      68        2        1    99.6850   0.584353   0.011906   0.000000
      69        0        1    99.6250   0.102622   0.013349   0.000000
      69        1        1    99.6850   0.183253   0.011937   0.000000
      69        2        1    99.6750   0.584353   0.012032   0.000000
      70        0        1    99.6650   0.327238   0.013105   0.000000
      70        1        1    99.6700  10.000000   0.009375   0.000000
      70        2        1    99.6400   0.183253   0.017008   0.000000
      71        0        1    99.5850   0.057468   0.013192   0.000000
      71        1        1    99.6550   0.183253   0.011238   0.000000
      71        2        1    99.6400   0.327238   0.016104   0.000000
      72        0        1    99.6100   0.327238   0.013943   0.000000
      72        1        1    99.7050   1.043488   0.011107   0.000000
      72        2        1    99.7100   0.102622   0.010771   0.000000
      73        0        1    99.6700   0.183253   0.012792   0.000000
      73        1        1    99.6750   0.327238   0.010531   0.000000
      73        2        1    99.7150   0.584353   0.010162   0.000000
      74        0        1    99.6550   1.043488   0.014176   0.000000
      74        1        1    99.6600   0.163318   0.011835   0.000000
      74        2        1    99.7000   0.183253   0.010956   0.000000
      75        0        1    99.6850   0.327238   0.013261   0.000000
      75        1        1    99.6800   1.863371   0.011285   0.000000
      75        2        1    99.7100   0.057468   0.010563   0.000000
      76        0        1    99.6400   0.327238   0.013947   0.000000
      76        1        1    99.4500   0.057468   0.013011   0.000000
      76        2        1    99.6750   0.584353   0.011482   0.000000
      77        0        1    99.3150   0.183253   0.017662   0.000000
      77        1        1    99.6800   0.106538   0.011816   0.000000
      77        2        1    99.6350   0.057468   0.015349   0.000000
      78        0        1    99.6650   0.327238   0.013625   0.000000
      78        1        1    99.6950   0.584353   0.009487   0.000000
      78        2        1    99.6500   0.102622   0.011151   0.000000
      79        0        1    99.6950   0.327238   0.011392   0.000000
      79        1        1    99.6650   0.327238   0.011032   0.000000
      79        2        1    99.6650   0.327238   0.010853   0.000000
      80        0        1    99.6650   1.863371   0.011648   0.000000
      80        1        1    99.6650   0.183253   0.011069   0.000000
      80        2        1    99.6650   0.327238   0.011162   0.000000
      81        0        1    99.6900   0.183253   0.016308   0.000000
      81        1        1    99.6200   0.275664   0.011529   0.000000
      81        2        1    99.6750   0.102622   0.011662   0.000000
      82        0        1    99.5800   0.057468   0.011975   0.000000
      82        1        1    99.6650   0.327238   0.015529   0.000000
      82        2        1    99.6700   1.043488   0.010997   0.000000
      83        0        1    99.6650   0.183253   0.011714   0.000000
      83        1        1    99.6550   0.102622   0.010238   0.000000
      83        2        1    99.6400   0.327238   0.011768   0.000000
      84        0        1    99.7050   1.043488   0.012285   0.000000
      84        1        1    99.6900   0.178946   0.011553   0.000000
      84        2        1    99.6650   1.043488   0.010481   0.000000
      85        0        1    99.5500   0.032182   0.013691   0.000000
      85        1        1    99.6750   1.863371   0.011036   0.000000
      85        2        1    99.6700   1.043488   0.013410   0.000000
      86        0        1    99.6900   0.584353   0.013469   0.000000
      86        1        1    99.6550   0.327238   0.011367   0.000000
      86        2        1    99.6750   1.863371   0.010905   0.000000
      87        0        1    99.6900   0.327238   0.011094   0.000000
      87        1        1    99.6800   0.124377   0.011305   0.000000
      87        2        1    99.6750   5.941871   0.011242   0.000000
      88        0        1    99.6800   1.863371   0.012030   0.000000
      88        1        1    99.6900   0.102622   0.014316   0.000000
      88        2        1    99.6750   0.584353   0.011474   0.000000
      89        0        1    99.6700   1.863371   0.012963   0.000000
      89        1        1    99.6750   1.043488   0.011259   0.000000
      89        2        1    99.6400   0.102622   0.012007   0.000000
      90        0        1    99.6500   0.102622   0.013348   0.000000
      90        1        1    99.5350   0.032182   0.017222   0.000000
      90        2        1    99.5800   0.057468   0.012579   0.000000
      91        0        1    99.6900   1.043488   0.010388   0.000000
      91        1        1    99.6950   5.941871   0.009863   0.000000
      91        2        1    99.6900   0.327238   0.011281   0.000000
      92        0        1    99.6900   0.057468   0.012399   0.000000
      92        1        1    99.6900   1.793939   0.009647   0.000000
      92        2        1    99.6500   1.043488   0.012120   0.000000
      93        0        1    99.7000   0.057468   0.013325   0.000000
      93        1        1    99.6250   0.102622   0.010528   0.000000
      93        2        1    99.6650   0.327238   0.012049   0.000000
      94        0        1    99.7050   0.584353   0.012580   0.000000
      94        1        1    99.5850   0.057468   0.011324   0.000000
      94        2        1    99.6600   0.584353   0.012887   0.000000
      95        0        1    99.7350   0.584353   0.012533   0.000000
      95        1        1    99.7450   0.063681   0.011339   0.000000
      95        2        1    99.6650   0.584353   0.013304   0.000000
      96        0        1    99.6150   0.102622   0.012664   0.000000
      96        1        1    99.7000   0.327238   0.009763   0.000000
      96        2        1    99.6750   0.327238   0.014970   0.000000
      97        0        1    99.7050   1.043488   0.011902   0.000000
      97        1        1    99.6750   0.327238   0.009415   0.000000
      97        2        1    99.6100   0.057468   0.011184   0.000000
      98        0        1    99.7050   0.032182   0.012336   0.000000
      98        1        1    99.7050   0.102622   0.009867   0.000000
      98        2        1    99.6650   1.043488   0.011826   0.000000
      99        0        1    99.6700   0.183253   0.012810   0.000000
      99        1        1    99.7100   0.102622   0.010305   0.000000
      99        2        1    99.7100   0.584353   0.014363   0.000000
     100        0        1    99.6900   0.638402   0.012877   0.000000
     100        1        1    99.7200   0.043871   0.010705   0.000000
     100        2        1    99.6750   1.863371   0.011353   0.000000
