GlobalRnd ClientID LocEpoch   Accuracy         LR       Loss   GradNorm
       1        0        1    89.0286   0.059307   0.619144   0.000000
       1        0        2    87.4964   0.142561   0.213519   0.000000
       1        1        1    77.7561   0.013508   0.794952   0.000000
       1        1        2    90.9872   0.023581   0.345780   0.000000
       1        2        1    91.1662   0.031955   0.719339   0.000000
       1        2        2    92.6856   0.041386   0.283628   0.000000
       1        3        1    89.6561   0.020199   0.777913   0.000000
       1        3        2    94.1105   0.029528   0.255259   0.000000
       1        4        1    84.7658   0.034336   0.881647   0.000000
       1        4        2    88.0094   0.085328   0.317710   0.000000
       2        0        1    93.8566   0.033212   0.381202   0.000000
       2        0        2    94.8685   0.044707   0.178068   0.000000
       2        1        1    94.5708   0.024121   0.376998   0.000000
       2        1        2    96.1820   0.013205   0.181904   0.000000
       2        2        1    92.4694   0.031955   0.399830   0.000000
       2        2        2    94.8475   0.073903   0.170806   0.000000
       2        3        1    95.7227   0.036069   0.310884   0.000000
       2        3        2    96.1979   0.016536   0.152680   0.000000
       2        4        1    94.1920   0.061314   0.356261   0.000000
       2        4        2    96.6862   0.047784   0.164157   0.000000
       3        0        1    96.1550   0.059307   0.199095   0.000000
       3        0        2    97.4487   0.079834   0.134020   0.000000
       3        1        1    95.8793   0.043072   0.166287   0.000000
       3        1        2    94.9126   0.042108   0.124379   0.000000
       3        2        1    96.6370   0.057062   0.218254   0.000000
       3        2        2    97.5498   0.073903   0.125964   0.000000
       3        3        1    96.1420   0.064409   0.133240   0.000000
       3        3        2    95.5270   0.052729   0.101130   0.000000
       3        4        1    96.6159   0.061314   0.158235   0.000000
       3        4        2    97.6932   0.085328   0.114113   0.000000
       4        0        1    97.4342   0.105906   0.132595   0.000000
       4        0        2    96.9283   0.079834   0.108210   0.000000
       4        1        1    97.0608   0.043072   0.119478   0.000000
       4        1        2    97.9104   0.075194   0.089391   0.000000
       4        2        1    97.2256   0.057062   0.148359   0.000000
       4        2        2    96.7391   0.073903   0.094447   0.000000
       4        3        1    97.7076   0.115016   0.096434   0.000000
       4        3        2    98.1176   0.094159   0.071826   0.000000
       4        4        1    97.2365   0.109490   0.103807   0.000000
       4        4        2    97.9274   0.152372   0.091019   0.000000
       5        0        1    97.9835   0.105906   0.107120   0.000000
       5        0        2    97.7667   0.142561   0.085602   0.000000
       5        1        1    97.3342   0.137348   0.090973   0.000000
       5        1        2    97.7346   0.134275   0.077618   0.000000
       5        2        1    96.2407   0.101896   0.110921   0.000000
       5        2        2    98.4146   0.073903   0.086159   0.000000
       5        3        1    98.2760   0.115016   0.070782   0.000000
       5        3        2    95.5363   0.094159   0.061800   0.000000
       5        4        1    97.9977   0.195517   0.090168   0.000000
       5        4        2    98.7705   0.085328   0.061582   0.000000
       6        0        1    98.1498   0.189118   0.098187   0.000000
       6        0        2    98.5906   0.142561   0.081718   0.000000
       6        1        1    98.4474   0.137348   0.071023   0.000000
       6        1        2    95.9086   0.075194   0.065828   0.000000
       6        2        1    98.0843   0.101896   0.100658   0.000000
       6        2        2    98.5707   0.235660   0.066159   0.000000
       6        3        1    98.4624   0.064409   0.063034   0.000000
       6        3        2    98.8631   0.094159   0.057750   0.000000
       6        4        1    98.5246   0.195517   0.069069   0.000000
       6        4        2    98.5714   0.152372   0.056621   0.000000
       7        0        1    98.2798   0.189118   0.077100   0.000000
       7        0        2    97.9257   0.142561   0.076032   0.000000
       7        1        1    98.5744   0.076915   0.071501   0.000000
       7        1        2    98.6525   0.239776   0.053772   0.000000
       7        2        1    98.3065   0.101896   0.083519   0.000000
       7        2        2    98.4446   0.073903   0.064132   0.000000
       7        3        1    98.7326   0.115016   0.044310   0.000000
       7        3        2    96.9621   0.168141   0.039244   0.000000
       7        4        1    98.8056   0.195517   0.059670   0.000000
       7        4        2    98.7822   0.272092   0.051550   0.000000
       8        0        1    97.9040   0.189118   0.072558   0.000000
       8        0        2    96.2345   0.142561   0.068255   0.000000
       8        1        1    98.7599   0.245265   0.059811   0.000000
       8        1        2    98.9649   0.134275   0.043323   0.000000
       8        2        1    98.0243   0.101896   0.076944   0.000000
       8        2        2    98.9971   0.235660   0.053628   0.000000
       8        3        1    97.1764   0.115016   0.048958   0.000000
       8        3        2    99.4316   0.052729   0.037537   0.000000
       8        4        1    98.6651   0.109490   0.055795   0.000000
       8        4        2    98.9227   0.152372   0.045235   0.000000
       9        0        1    98.4533   0.189118   0.068115   0.000000
       9        0        2    98.9014   0.142561   0.051128   0.000000
       9        1        1    96.1039   0.137348   0.054750   0.000000
       9        1        2    99.1602   0.134275   0.037489   0.000000
       9        2        1    98.6488   0.101896   0.068211   0.000000
       9        2        2    98.9851   0.131970   0.045830   0.000000
       9        3        1    99.3011   0.115016   0.039025   0.000000
       9        3        2    99.3850   0.168141   0.029334   0.000000
       9        4        1    97.4473   0.195517   0.052490   0.000000
       9        4        2    99.1335   0.272092   0.046425   0.000000
      10        0        1    98.8870   0.189118   0.059623   0.000000
      10        0        2    99.1688   0.142561   0.045887   0.000000
      10        1        1    99.1407   0.137348   0.042792   0.000000
      10        1        2    98.6622   0.239776   0.037629   0.000000
      10        2        1    98.8350   0.101896   0.065626   0.000000
      10        2        2    97.0574   0.131970   0.042781   0.000000
      10        3        1    99.2638   0.115016   0.035237   0.000000
      10        3        2    98.9190   0.094159   0.023383   0.000000
      10        4        1    98.7002   0.195517   0.042564   0.000000
      10        4        2    99.1803   0.152372   0.032031   0.000000
      11        0        1    98.7496   0.189118   0.052342   0.000000
      11        0        2    98.9014   0.142561   0.042292   0.000000
      11        1        1    98.9552   0.076915   0.036620   0.000000
      11        1        2    98.2131   0.239776   0.030214   0.000000
      11        2        1    98.9491   0.181958   0.051790   0.000000
      11        2        2    99.1472   0.235660   0.043755   0.000000
      11        3        1    99.5154   0.115016   0.031374   0.000000
      11        3        2    99.4036   0.168141   0.029126   0.000000
      11        4        1    99.0281   0.349138   0.036090   0.000000
      11        4        2    99.2974   0.085328   0.025055   0.000000
      12        0        1    98.5834   0.189118   0.052990   0.000000
      12        0        2    99.0821   0.079834   0.037222   0.000000
      12        1        1    99.1798   0.076915   0.037394   0.000000
      12        1        2    99.1700   0.134275   0.031307   0.000000
      12        2        1    98.6668   0.181958   0.054727   0.000000
      12        2        2    98.9431   0.131970   0.034852   0.000000
      12        3        1    99.3943   0.115016   0.028486   0.000000
      12        3        2    99.5434   0.094159   0.020674   0.000000
      12        4        1    99.0281   0.109490   0.032685   0.000000
      12        4        2    99.1920   0.272092   0.028067   0.000000
      13        0        1    98.7785   0.189118   0.045596   0.000000
      13        0        2    98.8870   0.142561   0.039988   0.000000
      13        1        1    99.3262   0.137348   0.035084   0.000000
      13        1        2    99.0040   0.134275   0.025601   0.000000
      13        2        1    99.0331   0.181958   0.047682   0.000000
      13        2        2    99.0812   0.235660   0.031114   0.000000
      13        3        1    99.4781   0.205386   0.031830   0.000000
      13        3        2    99.4968   0.168141   0.020799   0.000000
      13        4        1    99.2389   0.109490   0.030253   0.000000
      13        4        2    99.3794   0.152372   0.019174   0.000000
      14        0        1    98.9737   0.189118   0.048485   0.000000
      14        0        2    99.1255   0.142561   0.038391   0.000000
      14        1        1    99.2579   0.076915   0.035533   0.000000
      14        1        2    99.4336   0.134275   0.026934   0.000000
      14        2        1    99.0271   0.181958   0.042306   0.000000
      14        2        2    99.4235   0.235660   0.032986   0.000000
      14        3        1    99.6086   0.115016   0.021094   0.000000
      14        3        2    99.4781   0.536164   0.018704   0.000000
      14        4        1    98.6768   0.061314   0.027497   0.000000
      14        4        2    99.3091   0.272092   0.023477   0.000000
      15        0        1    98.6268   0.105906   0.043677   0.000000
      15        0        2    99.0821   0.142561   0.034128   0.000000
      15        1        1    99.2676   0.245265   0.034688   0.000000
      15        1        2    99.2676   0.075194   0.020456   0.000000
      15        2        1    99.0812   0.181958   0.040155   0.000000
      15        2        2    99.3154   0.235660   0.031112   0.000000
      15        3        1    99.4502   0.205386   0.021034   0.000000
      15        3        2    99.5900   0.168141   0.017258   0.000000
      15        4        1    98.5480   0.195517   0.032603   0.000000
      15        4        2    99.3560   0.152372   0.026788   0.000000
      16        0        1    98.9376   0.105906   0.034733   0.000000
      16        0        2    98.8725   0.142561   0.027994   0.000000
      16        1        1    99.0138   0.137348   0.035329   0.000000
      16        1        2    99.3458   0.134275   0.025563   0.000000
      16        2        1    99.4235   0.181958   0.038688   0.000000
      16        2        2    98.9190   0.235660   0.025737   0.000000
      16        3        1    99.6086   0.205386   0.021301   0.000000
      16        3        2    99.5527   0.168141   0.017112   0.000000
      16        4        1    99.2155   0.109490   0.024969   0.000000
      16        4        2    99.5199   0.152372   0.022114   0.000000
      17        0        1    99.3568   0.105906   0.032151   0.000000
      17        0        2    99.4941   0.254573   0.027491   0.000000
      17        1        1    99.2676   0.137348   0.027327   0.000000
      17        1        2    99.2384   0.134275   0.024068   0.000000
      17        2        1    98.9851   0.181958   0.034748   0.000000
      17        2        2    99.3634   0.131970   0.027743   0.000000
      17        3        1    99.6459   0.366760   0.019501   0.000000
      17        3        2    99.4409   0.168141   0.021594   0.000000
      17        4        1    99.3443   0.195517   0.027047   0.000000
      17        4        2    99.5199   0.272092   0.018474   0.000000
      18        0        1    98.7569   0.189118   0.033483   0.000000
      18        0        2    99.4290   0.142561   0.025231   0.000000
      18        1        1    99.3848   0.137348   0.031553   0.000000
      18        1        2    99.6094   0.134275   0.018053   0.000000
      18        2        1    98.9491   0.181958   0.030152   0.000000
      18        2        2    99.2974   0.131970   0.028258   0.000000
      18        3        1    99.4781   0.205386   0.019482   0.000000
      18        3        2    99.5341   0.052729   0.021698   0.000000
      18        4        1    99.4496   0.061314   0.018932   0.000000
      18        4        2    99.4614   0.152372   0.022599   0.000000
      19        0        1    99.1761   0.189118   0.035652   0.000000
      19        0        2    99.4146   0.142561   0.022115   0.000000
      19        1        1    99.4629   0.137348   0.027906   0.000000
      19        1        2    99.4434   0.134275   0.021164   0.000000
      19        2        1    99.4115   0.101896   0.026352   0.000000
      19        2        2    99.4595   0.073903   0.024814   0.000000
      19        3        1    99.4595   0.115016   0.018952   0.000000
      19        3        2    99.4222   0.168141   0.017353   0.000000
      19        4        1    99.6136   0.109490   0.021044   0.000000
      19        4        2    99.4731   0.085328   0.013570   0.000000
      20        0        1    99.2845   0.337711   0.033640   0.000000
      20        0        2    99.5663   0.142561   0.030438   0.000000
      20        1        1    99.2872   0.137348   0.022174   0.000000
      20        1        2    99.5118   0.134275   0.018187   0.000000
      20        2        1    99.5436   0.101896   0.035321   0.000000
      20        2        2    99.2914   0.131970   0.020373   0.000000
      20        3        1    99.4781   0.205386   0.020463   0.000000
      20        3        2    99.4968   0.094159   0.015733   0.000000
      20        4        1    99.5550   0.195517   0.019867   0.000000
      20        4        2    99.5433   0.152372   0.021943   0.000000
