GlobalRnd ClientID LocEpoch   Accuracy         LR       Loss   GradNorm
       1        0        1    92.0650   0.057468   0.632914   0.000000
       1        1        1    88.9200   0.102622   0.542188   0.000000
       1        2        1    90.8800   0.057468   0.631998   0.000000
       2        0        1    89.2000   0.102622   0.248148   0.000000
       2        1        1    94.0200   0.102622   0.238396   0.000000
       2        2        1    92.7050   0.102622   0.247267   0.000000
       3        0        1    95.9650   0.102622   0.162002   0.000000
       3        1        1    97.1150   0.102622   0.159993   0.000000
       3        2        1    94.5150   0.183253   0.155565   0.000000
       4        0        1    96.5600   0.183253   0.125332   0.000000
       4        1        1    97.3500   0.183253   0.120345   0.000000
       4        2        1    96.3450   0.183253   0.130906   0.000000
       5        0        1    97.8100   0.183253   0.108051   0.000000
       5        1        1    97.3700   0.327238   0.102014   0.000000
       5        2        1    97.3750   0.183253   0.101682   0.000000
       6        0        1    98.0150   0.183253   0.091912   0.000000
       6        1        1    97.9200   0.183253   0.079715   0.000000
       6        2        1    95.0950   0.183253   0.094941   0.000000
       7        0        1    98.1850   0.183253   0.081766   0.000000
       7        1        1    97.5800   0.183253   0.080296   0.000000
       7        2        1    98.2850   0.183253   0.077488   0.000000
       8        0        1    97.0800   0.183253   0.074359   0.000000
       8        1        1    98.1200   0.183253   0.062825   0.000000
       8        2        1    98.5650   0.183253   0.067705   0.000000
       9        0        1    98.6750   0.183253   0.060194   0.000000
       9        1        1    98.2350   0.327238   0.057687   0.000000
       9        2        1    98.1700   0.183253   0.062962   0.000000
      10        0        1    98.7550   0.183253   0.062925   0.000000
      10        1        1    98.2500   0.183253   0.052826   0.000000
      10        2        1    98.2000   0.183253   0.056350   0.000000
      11        0        1    97.0900   0.327238   0.049259   0.000000
      11        1        1    98.9750   0.327238   0.051785   0.000000
      11        2        1    98.7450   0.183253   0.052002   0.000000
      12        0        1    98.6850   0.183253   0.054069   0.000000
      12        1        1    99.0000   0.327238   0.045069   0.000000
      12        2        1    98.4950   0.183253   0.044642   0.000000
      13        0        1    97.1200   0.327238   0.045947   0.000000
      13        1        1    98.9550   0.183253   0.037895   0.000000
      13        2        1    99.0400   0.327238   0.040414   0.000000
      14        0        1    99.0150   0.183253   0.039154   0.000000
      14        1        1    98.9700   0.183253   0.040555   0.000000
      14        2        1    98.8200   0.183253   0.040716   0.000000
      15        0        1    98.0500   0.183253   0.035043   0.000000
      15        1        1    99.2700   0.102622   0.039028   0.000000
      15        2        1    99.1450   0.102622   0.037009   0.000000
      16        0        1    98.8700   0.183253   0.035273   0.000000
      16        1        1    98.5800   0.183253   0.029739   0.000000
      16        2        1    99.0650   0.327238   0.031004   0.000000
      17        0        1    98.9000   0.183253   0.037786   0.000000
      17        1        1    99.1650   0.183253   0.026832   0.000000
      17        2        1    98.8350   0.183253   0.035351   0.000000
      18        0        1    99.1450   0.584353   0.032531   0.000000
      18        1        1    99.1150   0.102622   0.027663   0.000000
      18        2        1    99.3250   0.183253   0.029479   0.000000
      19        0        1    99.2950   0.183253   0.026339   0.000000
      19        1        1    99.2850   0.102622   0.030931   0.000000
      19        2        1    99.1750   0.102622   0.030377   0.000000
      20        0        1    99.3350   0.102622   0.024177   0.000000
      20        1        1    99.3300   0.327238   0.021387   0.000000
      20        2        1    99.3550   0.327238   0.022919   0.000000
      21        0        1    99.2700   0.327238   0.026726   0.000000
      21        1        1    99.3100   0.327238   0.030626   0.000000
      21        2        1    99.1750   0.183253   0.024820   0.000000
      22        0        1    99.3550   0.102622   0.023154   0.000000
      22        1        1    98.7500   0.183253   0.018857   0.000000
      22        2        1    99.4100   0.183253   0.025212   0.000000
      23        0        1    99.3700   0.183253   0.022213   0.000000
      23        1        1    97.7850   0.102622   0.020822   0.000000
      23        2        1    99.5050   0.102622   0.017756   0.000000
      24        0        1    99.2700   0.183253   0.022865   0.000000
      24        1        1    99.5500   0.327238   0.016853   0.000000
      24        2        1    99.3900   0.183253   0.021340   0.000000
      25        0        1    99.3700   0.183253   0.023592   0.000000
      25        1        1    99.5250   0.183253   0.020080   0.000000
      25        2        1    99.5050   0.102622   0.018785   0.000000
      26        0        1    99.5000   0.327238   0.021880   0.000000
      26        1        1    99.3850   0.102622   0.018689   0.000000
      26        2        1    99.1050   0.102622   0.020877   0.000000
      27        0        1    99.5100   0.183253   0.017470   0.000000
      27        1        1    99.6050   0.183253   0.016720   0.000000
      27        2        1    99.2650   0.102622   0.017696   0.000000
      28        0        1    99.5350   0.183253   0.019325   0.000000
      28        1        1    99.4250   0.183253   0.014221   0.000000
      28        2        1    99.5650   0.327238   0.014945   0.000000
      29        0        1    99.5300   0.102622   0.017558   0.000000
      29        1        1    99.5750   0.327238   0.015649   0.000000
      29        2        1    99.6000   0.102622   0.012596   0.000000
      30        0        1    99.5500   0.183253   0.016191   0.000000
      30        1        1    99.4850   0.183253   0.015165   0.000000
      30        2        1    99.5850   0.102622   0.015252   0.000000
      31        0        1    99.6300   0.327238   0.012153   0.000000
      31        1        1    99.5300   0.183253   0.016031   0.000000
      31        2        1    99.6050   0.102622   0.016490   0.000000
      32        0        1    99.5150   0.183253   0.014699   0.000000
      32        1        1    99.4850   0.102622   0.010637   0.000000
      32        2        1    99.5050   0.183253   0.014708   0.000000
      33        0        1    99.4550   0.327238   0.013631   0.000000
      33        1        1    98.8700   0.102622   0.013716   0.000000
      33        2        1    99.6700   0.327238   0.012937   0.000000
      34        0        1    99.5950   0.183253   0.016754   0.000000
      34        1        1    99.5700   0.183253   0.010015   0.000000
      34        2        1    99.5550   0.183253   0.015019   0.000000
      35        0        1    99.6900   0.183253   0.013909   0.000000
      35        1        1    99.6600   0.183253   0.013002   0.000000
      35        2        1    99.5250   0.183253   0.013171   0.000000
      36        0        1    99.6200   0.102622   0.013348   0.000000
      36        1        1    99.4800   0.102622   0.013822   0.000000
      36        2        1    99.5300   0.183253   0.014424   0.000000
      37        0        1    99.4750   0.102622   0.013840   0.000000
      37        1        1    99.7100   0.327238   0.009938   0.000000
      37        2        1    99.4800   0.057468   0.013366   0.000000
      38        0        1    99.6300   0.183253   0.013477   0.000000
      38        1        1    98.6250   0.102622   0.015681   0.000000
      38        2        1    99.6650   1.043488   0.012072   0.000000
      39        0        1    99.6300   0.183253   0.012716   0.000000
      39        1        1    99.6100   0.327238   0.010956   0.000000
      39        2        1    99.4750   0.102622   0.011993   0.000000
      40        0        1    99.6250   0.102622   0.012629   0.000000
      40        1        1    99.6450   0.183253   0.011492   0.000000
      40        2        1    99.6400   0.584353   0.010720   0.000000
      41        0        1    99.6200   0.327238   0.014854   0.000000
      41        1        1    99.6250   0.183253   0.015065   0.000000
      41        2        1    99.2950   0.183253   0.013209   0.000000
      42        0        1    99.6350   0.057468   0.014181   0.000000
      42        1        1    99.6550   0.327238   0.012838   0.000000
      42        2        1    99.6400   0.102622   0.013264   0.000000
      43        0        1    99.6150   0.183253   0.017499   0.000000
      43        1        1    99.6650   0.183253   0.010121   0.000000
      43        2        1    99.6350   0.183253   0.011043   0.000000
      44        0        1    99.5600   0.327238   0.014139   0.000000
      44        1        1    99.6650   0.057468   0.010644   0.000000
      44        2        1    99.6800   0.327238   0.012799   0.000000
      45        0        1    99.6550   0.584353   0.014360   0.000000
      45        1        1    99.6550   1.043488   0.010499   0.000000
      45        2        1    99.6150   0.327238   0.011449   0.000000
      46        0        1    99.6650   1.043488   0.017408   0.000000
      46        1        1    99.6700   0.102622   0.009913   0.000000
      46        2        1    99.6200   0.183253   0.012119   0.000000
      47        0        1    99.6350   0.327238   0.013314   0.000000
      47        1        1    99.6650   0.183253   0.013193   0.000000
      47        2        1    99.6500   0.327238   0.010202   0.000000
      48        0        1    99.6700   0.327238   0.014052   0.000000
      48        1        1    99.6550   0.102622   0.009506   0.000000
      48        2        1    99.6350   0.327238   0.010913   0.000000
      49        0        1    99.4950   0.102622   0.013081   0.000000
      49        1        1    99.6550   0.102622   0.010118   0.000000
      49        2        1    99.6150   0.584353   0.011499   0.000000
      50        0        1    99.6500   1.043488   0.011376   0.000000
      50        1        1    99.6200   0.183253   0.010574   0.000000
      50        2        1    99.6600   0.584353   0.012521   0.000000
