GlobalRnd   ClientID  LocEpoch    Accuracy    LR          Loss        GradNorm    
1           0         2           69.1300     0.169022    0.103066    1.872092    
1           1         2           60.7100     0.226915    0.078459    1.338754    
1           2         2           49.6800     0.212648    0.094436    1.575686    
1           3         2           54.4100     0.074579    0.151610    2.312725    
1           4         2           37.9000     0.185804    0.065287    1.377094    
2           0         2           72.7800     0.148373    0.061570    1.482537    
2           1         2           63.3800     0.229394    0.052971    1.065358    
2           2         2           62.2000     0.279485    0.044715    0.995704    
2           3         2           50.1000     0.124963    0.088278    1.624971    
2           4         2           38.5700     0.271427    0.050137    1.231800    
3           0         2           77.7700     0.163907    0.054148    1.220909    
3           1         2           68.4600     0.260558    0.035851    0.968470    
3           2         2           69.8300     0.339658    0.027782    0.665558    
3           3         2           65.0300     0.168436    0.054944    1.119517    
3           4         2           47.3100     0.499331    0.028228    0.848959    
4           0         2           76.1700     0.175699    0.045918    1.127924    
4           1         2           71.2900     0.355113    0.032339    0.916313    
4           2         2           76.6400     0.501740    0.028801    0.671703    
4           3         2           69.7500     0.189174    0.043501    0.944325    
4           4         2           63.4400     0.902199    0.028347    0.710438    
5           0         2           78.3200     0.173669    0.039819    1.088432    
5           1         2           73.2600     0.243196    0.033822    0.939535    
5           2         2           82.0600     0.566379    0.023670    0.618771    
5           3         2           76.9600     0.190044    0.042355    0.943742    
5           4         2           59.6200     1.499825    0.026014    0.704444    
6           0         2           78.5700     0.173669    0.032548    1.001847    
6           1         2           75.6300     0.381343    0.030428    0.834177    
6           2         2           84.2000     0.817151    0.025308    0.583270    
6           3         2           70.6400     0.219556    0.036494    0.857078    
6           4         2           73.0400     1.305700    0.031922    0.676377    
7           0         2           78.5200     0.198069    0.033677    0.988090    
7           1         2           79.9200     0.664748    0.028370    0.902829    
7           2         2           86.5700     0.937259    0.029602    0.610162    
7           3         2           80.5200     0.274843    0.028434    0.808730    
7           4         2           74.9600     3.506602    0.026971    0.609825    
8           0         2           79.5000     0.163892    0.029135    0.937921    
8           1         2           76.3000     0.502668    0.021588    0.831598    
8           2         2           85.7600     0.882834    0.024429    0.617813    
8           3         2           82.5600     0.247423    0.035764    0.894348    
8           4         2           75.6300     4.624675    0.020231    0.614610    
9           0         2           79.0600     0.174746    0.031578    0.970484    
9           1         2           77.9900     0.515511    0.026967    0.846050    
9           2         2           86.2100     2.538367    0.024260    0.649219    
9           3         2           81.0700     0.472832    0.038411    0.882533    
9           4         2           74.7400     4.848715    0.024969    0.641721    
10          0         2           81.7900     0.193163    0.027027    0.918933    
10          1         2           76.9400     0.751065    0.033792    0.830788    
10          2         2           86.0500     2.682469    0.025422    0.655785    
10          3         2           82.2800     0.520716    0.027431    0.810346    
10          4         2           73.5200     4.945391    0.023631    0.610569    
11          0         2           80.9800     0.216457    0.026253    0.859295    
11          1         2           77.5500     0.922111    0.025741    0.841705    
11          2         2           86.4300     2.647768    0.026298    0.652518    
11          3         2           87.4400     0.266742    0.034045    0.901463    
11          4         2           73.8900     3.909102    0.026449    0.620126    
12          0         2           83.9000     0.198032    0.029664    0.932384    
12          1         2           78.2800     1.201418    0.021274    0.839755    
12          2         2           87.8500     2.464149    0.023100    0.667140    
12          3         2           88.0100     0.506146    0.035534    0.890080    
12          4         2           79.3900     5.674352    0.028204    0.651021    
13          0         2           82.0700     0.317933    0.021678    0.860152    
13          1         2           78.3300     1.868433    0.027915    0.819278    
13          2         2           87.8600     2.389105    0.023538    0.669993    
13          3         2           87.3200     0.497788    0.057025    1.076448    
13          4         2           81.1600     4.389375    0.029260    0.695670    
14          0         2           85.0400     0.412534    0.022496    0.896878    
14          1         2           79.5400     1.516411    0.029101    0.900375    
14          2         2           87.1300     3.042667    0.024622    0.674356    
14          3         2           86.7500     0.756290    0.035359    0.910131    
14          4         2           81.4200     6.255949    0.027701    0.637826    
15          0         2           88.4000     0.386174    0.023037    0.935993    
15          1         2           79.5500     1.000188    0.029099    0.970591    
15          2         2           88.4000     2.145451    0.026820    0.757792    
15          3         2           89.0600     0.523201    0.033340    1.014193    
15          4         2           82.5000     6.268694    0.024133    0.679350    
16          0         2           84.6400     0.280162    0.031969    1.018849    
16          1         2           81.4700     1.385763    0.027330    0.984520    
16          2         2           88.7000     3.764904    0.028805    0.780870    
16          3         2           92.3600     0.898462    0.034132    1.016233    
16          4         2           80.8800     7.328150    0.022421    0.625825    
17          0         2           90.1300     0.443488    0.029313    0.976969    
17          1         2           87.1900     1.128881    0.033135    0.902068    
17          2         2           85.7400     3.315053    0.018926    0.751075    
17          3         2           90.1400     0.667153    0.030492    0.968775    
17          4         2           81.9200     6.980907    0.026812    0.667105    
18          0         2           88.1400     0.520642    0.027171    1.013823    
18          1         2           80.7600     3.290929    0.025203    0.857362    
18          2         2           86.7600     2.791653    0.027795    0.731284    
18          3         2           87.0300     0.912566    0.024676    0.951832    
18          4         2           83.9100     6.931415    0.022971    0.606820    
19          0         2           90.5000     0.485408    0.025882    0.950979    
19          1         2           79.5300     2.925567    0.026821    0.905443    
19          2         2           89.1400     4.580941    0.023505    0.736768    
19          3         2           87.9200     1.490539    0.033676    0.954755    
19          4         2           84.0500     7.203374    0.024110    0.720688    
20          0         2           86.5800     0.425333    0.022802    1.042037    
20          1         2           82.1200     1.538740    0.020180    0.900123    
20          2         2           89.5600     4.640341    0.024055    0.701728    
20          3         2           91.4500     1.328983    0.030919    1.031907    
20          4         2           76.5300     6.597388    0.025785    0.740666    
21          0         2           88.7000     0.389198    0.023448    0.924868    
21          1         2           81.9600     3.123187    0.025370    0.911131    
21          2         2           89.1700     4.597805    0.023966    0.772796    
21          3         2           89.0000     2.080614    0.035468    0.913887    
21          4         2           84.7300     6.578087    0.024289    0.706410    
22          0         2           90.9300     1.037056    0.024735    0.993876    
22          1         2           80.9000     2.766529    0.028904    0.972054    
22          2         2           88.5900     4.736559    0.024520    0.740356    
22          3         2           92.0500     1.802371    0.034456    1.003714    
22          4         2           86.2900     6.554015    0.028536    0.794354    
23          0         2           88.0500     0.644501    0.023831    1.011166    
23          1         2           81.3000     1.288126    0.024169    0.984993    
23          2         2           89.9700     4.239400    0.026551    0.777809    
23          3         2           89.2300     2.365041    0.034279    1.007226    
23          4         2           87.2600     6.629676    0.024563    0.744605    
24          0         2           86.3000     0.526968    0.018363    0.928707    
24          1         2           82.3400     2.483025    0.022464    0.939158    
24          2         2           88.8100     5.877882    0.028064    0.754932    
24          3         2           91.9400     1.840702    0.031900    0.991355    
24          4         2           84.5700     7.166926    0.026876    0.734059    
25          0         2           91.0600     1.068178    0.028419    1.004611    
25          1         2           85.2500     3.642385    0.024265    0.913493    
25          2         2           89.7700     5.149105    0.028105    0.752318    
25          3         2           91.4200     1.910925    0.034830    1.004978    
25          4         2           89.0900     7.265183    0.024011    0.786948    
26          0         2           91.6000     1.211702    0.025489    0.986736    
26          1         2           85.0000     2.721162    0.024549    0.948709    
26          2         2           90.6300     3.745180    0.027571    0.869063    
26          3         2           93.9700     2.961070    0.031171    1.025013    
26          4         2           83.6100     7.139052    0.024060    0.812024    
27          0         2           92.7100     0.545997    0.027063    1.053551    
27          1         2           83.6100     3.739372    0.024053    1.013136    
27          2         2           90.4000     6.185327    0.026772    0.820734    
27          3         2           91.3100     1.285430    0.032258    1.122478    
27          4         2           75.0000     7.749056    0.029123    0.720387    
28          0         2           88.2300     1.139446    0.025193    1.042264    
28          1         2           85.9500     4.188352    0.024933    0.981115    
28          2         2           88.2000     5.839773    0.021195    0.706207    
28          3         2           87.3900     0.550299    0.028354    1.251265    
28          4         2           88.5100     7.766050    0.020179    0.635088    
29          0         2           88.9000     0.465900    0.020090    0.960651    
29          1         2           86.6000     3.015252    0.025521    1.013688    
29          2         2           90.7100     4.866017    0.024735    0.699416    
29          3         2           87.2400     1.670085    0.032088    1.073393    
29          4         2           87.2900     7.960378    0.019386    0.688558    
30          0         2           90.8400     1.488997    0.023836    0.942068    
30          1         2           82.1600     2.384784    0.023265    0.944161    
30          2         2           89.4700     5.410844    0.022259    0.693960    
30          3         2           93.2300     2.989428    0.029238    0.892913    
30          4         2           87.2400     7.406601    0.020725    0.743766    
31          0         2           89.6700     1.534279    0.025761    1.023932    
31          1         2           84.4800     4.776469    0.024245    0.895481    
31          2         2           90.5600     5.352457    0.024701    0.731550    
31          3         2           90.3900     2.453951    0.031076    1.027619    
31          4         2           88.0700     8.182022    0.017690    0.714189    
32          0         2           90.9000     1.351874    0.023742    1.008461    
32          1         2           85.7300     4.136463    0.028546    1.021831    
32          2         2           90.7600     4.976432    0.024293    0.859111    
32          3         2           93.3100     2.906030    0.033491    1.036330    
32          4         2           86.6400     7.677635    0.020628    0.727776    
33          0         2           91.2700     2.357321    0.026612    1.047213    
33          1         2           89.2900     4.945590    0.026943    1.051046    
33          2         2           90.7200     6.257095    0.028735    0.844899    
33          3         2           93.8000     2.041950    0.044982    1.201303    
33          4         2           87.3000     8.005965    0.022412    0.746506    
34          0         2           92.0700     2.150467    0.025686    1.091413    
34          1         2           92.3200     3.298551    0.026696    1.060090    
34          2         2           91.3400     6.524380    0.025399    0.844061    
34          3         2           92.7300     2.229126    0.040372    1.087880    
34          4         2           90.9300     7.227152    0.018125    0.641665    
35          0         2           91.4100     2.240493    0.026669    1.173564    
35          1         2           86.5100     4.823336    0.029933    1.108505    
35          2         2           91.2000     6.344226    0.030692    0.865908    
35          3         2           94.3400     2.888138    0.039384    1.188598    
35          4         2           90.3200     7.810393    0.019451    0.769092    
36          0         2           94.0700     1.907725    0.030706    1.209155    
36          1         2           85.6900     4.509716    0.031055    1.097708    
36          2         2           91.6800     4.572667    0.032368    0.936875    
36          3         2           94.6500     1.279306    0.040816    1.234252    
36          4         2           91.3500     8.351673    0.021237    0.761610    
37          0         2           93.6300     2.024382    0.029647    1.193244    
37          1         2           88.8000     4.243109    0.028477    1.100566    
37          2         2           91.8200     6.593899    0.031080    0.990074    
37          3         2           91.8300     3.799364    0.033077    1.148585    
37          4         2           89.6700     7.764822    0.020943    0.883122    
38          0         2           92.0200     2.080402    0.022796    1.193218    
38          1         2           87.8100     2.469198    0.031067    1.113475    
38          2         2           90.3000     5.995495    0.029925    0.901487    
38          3         2           92.3300     5.216581    0.038975    1.177925    
38          4         2           90.7900     8.260925    0.021970    0.881131    
39          0         2           88.2500     1.786932    0.027483    1.154427    
39          1         2           87.9100     4.472506    0.028935    1.149636    
39          2         2           91.5500     6.952120    0.029041    0.936113    
39          3         2           91.6500     2.962749    0.030910    1.245051    
39          4         2           90.6300     7.941629    0.023401    0.771274    
40          0         2           93.1500     2.882676    0.028184    1.173527    
40          1         2           88.6300     4.504272    0.027809    1.034337    
40          2         2           92.0600     7.209478    0.029000    0.848489    
40          3         2           92.5200     5.143471    0.035484    1.093995    
40          4         2           90.2200     8.308043    0.020409    0.746524    
41          0         2           92.7300     2.833918    0.030499    1.225919    
41          1         2           92.2100     4.204892    0.020075    1.036839    
41          2         2           91.1900     5.714649    0.030813    0.890769    
41          3         2           94.9200     4.243435    0.036078    1.300396    
41          4         2           90.8900     7.841157    0.024245    0.877658    
42          0         2           92.9200     2.561308    0.023964    1.096315    
42          1         2           87.4600     5.159521    0.026650    1.096497    
42          2         2           92.1200     6.811103    0.030684    0.945410    
42          3         2           94.0300     1.221564    0.039855    1.337848    
42          4         2           90.6800     7.773119    0.023341    0.801003    
43          0         2           92.5200     2.330676    0.022997    1.057535    
43          1         2           92.3100     3.587068    0.025587    1.129460    
43          2         2           92.1000     6.072452    0.032010    1.062365    
43          3         2           95.6800     3.325486    0.033776    1.204224    
43          4         2           91.7200     8.224946    0.023444    0.782646    
44          0         2           91.5200     2.954347    0.027307    1.119499    
44          1         2           88.4600     3.622253    0.026896    1.099052    
44          2         2           91.5800     6.918731    0.031419    0.930586    
44          3         2           94.4200     4.350299    0.033876    1.247459    
44          4         2           91.4600     7.740522    0.023725    0.887306    
45          0         2           92.8000     2.972088    0.027992    1.206372    
45          1         2           87.4100     5.078899    0.025609    1.083488    
45          2         2           91.8800     6.511470    0.032979    1.012781    
45          3         2           91.6400     4.674219    0.039994    1.276115    
45          4         2           90.9400     7.734826    0.023238    0.794366    
46          0         2           93.1700     3.680491    0.027751    1.214339    
46          1         2           84.3800     3.744832    0.022972    1.188219    
46          2         2           92.3400     6.636134    0.035597    1.077592    
46          3         2           94.3200     5.844062    0.040876    1.226448    
46          4         2           90.7300     8.265835    0.021872    0.776287    
47          0         2           92.3400     2.362262    0.030557    1.262574    
47          1         2           87.9600     4.352625    0.023568    1.124340    
47          2         2           92.7500     6.238183    0.034443    1.043441    
47          3         2           94.4700     5.105261    0.040753    1.310625    
47          4         2           91.5400     8.270559    0.024269    0.894893    
48          0         2           93.3000     3.481308    0.028216    1.242972    
48          1         2           85.3000     5.427573    0.023200    1.151490    
48          2         2           92.2700     6.255269    0.031388    0.980029    
48          3         2           94.3700     3.395110    0.039433    1.364950    
48          4         2           89.4400     8.408342    0.024391    0.842962    
49          0         2           93.9500     3.517362    0.028823    1.260435    
49          1         2           88.3400     6.041009    0.025619    1.133018    
49          2         2           91.5900     6.589190    0.031758    0.984145    
49          3         2           94.6000     3.948422    0.040599    1.270765    
49          4         2           90.9600     8.104452    0.022661    0.816122    
50          0         2           93.7600     3.251566    0.029809    1.323005    
50          1         2           87.0500     5.742444    0.024185    1.081592    
50          2         2           92.9200     7.235761    0.030939    0.953644    
50          3         2           88.4200     4.056720    0.037820    1.357636    
50          4         2           90.8800     8.236711    0.022739    0.862950    
